MAGNESIUM (Y)          TIME (X)          TREATMENT                              
                                                                                
                                                                                
    2.08                  0                  1                                  
    2.07                  0                  1                                  
    2.09                  0                  1                                  
    2.06                  0                  1                                  
    2.17                  1                  1                                  
    2.15                  1                  1                                  
    2.16                  1                  1                                  
    2.15                  1                  1                                  
    2.08                  2                  1                                  
    2.02                  2                  1                                  
    2.06                  2                  1                                  
    2.04                  2                  1                                  
    1.97                  3                  1                                  
    1.96                  3                  1                                  
    2.98                  3                  1                                  
    1.96                  3                  1                                  
    1.89                  4                  1                                  
    1.87                  4                  1                                  
    1.88                  4                  1                                  
    1.89                  4                  1                                  
    1.81                  5                  1                                  
    1.72                  5                  1                                  
    1.81                  5                  1                                  
    1.75                  5                  1                                  
    1.66                  6                  1                                  
    1.64                  6                  1                                  
    1.61                  6                  1                                  
    1.59                  6                  1                                  
    2.08                  0                  2                                  
    2.09                  0                  2                                  
    2.07                  0                  2                                  
    2.04                  0                  2                                  
    2.03                  1                  2                                  
    2.04                  1                  2                                  
    2.01                  1                  2                                  
    2.08                  1                  2                                  
    1.88                  2                  2                                  
    1.86                  2                  2                                  
    1.96                  2                  2                                  
    1.91                  2                  2                                  
    1.77                  3                  2                                  
    1.60                  3                  2                                  
    1.78                  3                  2                                  
    1.80                  3                  2                                  
    1.57                  4                  2                                  
    1.47                  4                  2                                  
    1.59                  4                  2                                  
    1.56                  4                  2                                  
    1.52                  5                  2                                  
    1.43                  5                  2                                  
    1.48                  5                  2                                  
    1.52                  5                  2                                  
    1.53                  6                  2                                  
    1.40                  6                  2                                  
    1.98                  6                  2                                  
    1.45                  6                  2                                  
