             DISTANCE  AREA OF ATRIUM  REFLECTIVITY   NUMBER OF STORIES         
ILLUMINATION (STORIES) SQ. FT/100         (%)         IN BUILDING               
     (Y)        (X1)       (X2)           (X3)            (X4)                  
                                                                                
                                                                                
    150          1        1600              20               5                  
    266          3        1600              20               5                  
    773          5        1600              20               5                  
     23          2        1600              20              10                  
     77          5        1600              20              10                  
    779         10        1600              20              10                  
     14          3        1600              20              15                  
     19          6        1600              20              15                  
     38          9        1600              20              15                  
    163         12        1600              20              15                  
    728         15        1600              20              15                  
    411          1        6400              20               5                  
    544          3        6400              20               5                  
    824          5        6400              20               5                  
    192          2        6400              20              10                  
    254          5        6400              20              10                  
    999         10        6400              20              10                  
    101          3        6400              20              15                  
    137          6        6400              20              15                  
    256          9        6400              20              15                  
    495         12        6400              20              15                  
    868         15        6400              20              15                  
    516          1       14400              20               5                  
    722          3       14400              20               5                  
    992          5       14400              20               5                  
    307          2       14400              20              10                  
    489          5       14400              20              10                  
    984         10       14400              20              10                  
    168          3       14400              20              15                  
    242          6       14400              20              15                  
    377          9       14400              20              15                  
    670         12       14400              20              15                  
   1124         15       14400              20              15                  
    629          1       25600              20               5                  
    856          3       25600              20               5                  
   1061          5       25600              20               5                  
    478          2       25600              20              10                  
    686          5       25600              20              10                  
   1139         10       25600              20              10                  
    329          3       25600              20              15                  
    366          6       25600              20              15                  
    601          9       25600              20              15                  
    766         12       25600              20              15                  
   1135         15       25600              20              15                  
    155          1        1600              60               5                  
    315          3        1600              60               5                  
    684          5        1600              60               5                  
     47          2        1600              60              10                  
     97          5        1600              60              10                  
    708         10        1600              60              10                  
     16          3        1600              60              15                  
     55          6        1600              60              15                  
     76          9        1600              60              15                  
    205         16        1600              60              15                  
    678         15        1600              60              15                  
    421          1        6400              60               5                  
    590          3        6400              60               5                  
    785          5        6400              60               5                  
    211          2        6400              60              10                  
    315          5        6400              60              10                  
    769         10        6400              60              10                  
    119          3        6400              60              15                  
    151          6        6500              60              15                  
    250          9        6400              60              15                  
    438         12        6400              60              15                  
    797         15        6400              60              15                  
    490          1       14400              60               5                  
    682          3       14400              60               5                  
    884          5       14400              60               5                  
    323          2       14400              60              10                  
    471          5       14400              60              10                  
    837         10       14400              60              10                  
    200          3       14400              60              15                  
    252          6       14400              60              15                  
    355          9       14400              60              15                  
    546         12       14400              60              15                  
    841         15       14400              60              15                  
    583          1       25600              60               5                  
    743          3       25600              60               5                  
    912          5       25600              60               5                  
    410          2       25600              60              10                  
    558          5       25600              60              10                  
    870         10       25600              60              10                  
    288          3       25600              60              15                  
    343          6       25600              60              15                  
    458          9       25600              60              15                  
    627         12       25600              60              15                  
    810         15       25600              60              15                  
