SPECIMEN         TIME (HRS)           HARDNESS                                  
                                                                                
                                                                                
    1               10                  216                                     
    2               15                  222                                     
    3               25                  237                                     
    4               40                  262                                     
    5               45                  271                                     
    6               60                  308                                     
    7               70                  324                                     
    8               85                  369                                     
    9               90                  375                                     
   10               95                  379                                     
