               CHARGING CURRENT             EFFECTIVE HYDROGEN                  
               DENSITY (X)                  PRESSURE (Y)                        
RUN            (MA/CM2)                     (ATM)                               
                                                                                
                                                                                
 1                 0.5                           86.1                           
 2                 0.5                           92.1                           
 3                 0.5                           64.7                           
 4                 0.5                           74.7                           
 5                 1.5                          223.6                           
 6                 1.5                          202.1                           
 7                 1.5                          132.9                           
 8                 2.5                          413.5                           
 9                 2.5                          231.5                           
10                 2.5                          466.7                           
11                 2.5                          365.3                           
12                 3.5                          493.7                           
13                 3.5                          382.3                           
14                 3.5                          447.2                           
15                 3.5                          563.8                           
