                                                AVERAGE PUNTING                 
SUBJECT    LEFT LEG (LB)     RIGHT LEG (LB)     DISTANCE                        
                                                                                
                                                                                
  1           170               170                162.50                       
  2           130               140                144.0                        
  3           170               180                174.50                       
  4           160               160                163.50                       
  5           150               170                192.0                        
  6           150               150                171.75                       
  7           180               170                162.0                        
  8           110               110                104.83                       
  9           110               120                105.67                       
 10           120               130                117.58                       
 11           140               120                140.25                       
 12           130               140                150.17                       
 13           150               160                165.17                       
