  YIELD           TEMP          HUMIDITY %                                      
                                                                                
                                                                                
   74.5            100              10                                          
   72.7            100              20                                          
   71.5            100              30                                          
   81.7            150              10                                          
   80.4            150              20                                          
   79.5            150              30                                          
   95.1            200              10                                          
   94.2            200              20                                          
   90.7            200              30                                          
