NO2             X1 WINDSPEED      X2 MAX TEMP        X3 INSOLATION              
                (AVE. MPH)        (DEGREE F)         (LANGLEYS PER DAY)         
                                                                                
                                                                                
 6                  11.1              90                    382                 
 5                  12.1              86                    380                 
 5                  12.0              80                    372                 
 3                  17.8              70                    352                 
 7                   9.5              90                    358                 
 9                   7.2             100                    362                 
 6                  11.5              92                    302                 
 2                  13.4              74                    316                 
10                  10.8              87                    339                 
 7                  13.8              78                    328                 
 3                  14.6              73                    278                 
 4                  12.1              85                    339                 
13                   8.0              94                    241                 
10                   8.8              91                    193                 
 7                  12.9              84                    268                 
 3                  12.7              68                    113                 
 6                  12.1              81                    313                 
 5                  11.1              78                    317                 
 4                  11.3              74                    324                 
 9                   9.0              78                    312                 
11                   9.2              84                    349                 
 8                   8.4              90                    290                 
 9                   8.0              90                    295                 
 6                  13.8              80                    283                 
 2                  17.8              68                    259                 
