INSTALLATION      ITEMS PROCESSED, X       MONTHLY MAN-HOURS, Y                 
                                                                                
                                                                                
     1                  15                       85                             
     2                  25                      125                             
     3                  57                      203                             
     4                  67                      293                             
     5                 197                      763                             
     6                 166                      639                             
     7                 162                      673                             
     8                 131                      499                             
     9                 158                      657                             
    10                 241                      939                             
    11                 399                     1546                             
    12                 527                     2158                             
    13                 533                     2182                             
    14                 563                     2302                             
    15                 563                     2202                             
    16                 932                     3678                             
    17                 986                     3894                             
    18                1021                     4034                             
    19                1643                     6622                             
    20                1985                     7890                             
    21                1640                     6610                             
    22                2143                     8522                             
