DENSITY (X) LB/FT3            STIFFNESS (Y) LB/IN.2                             
                                                                                
                                                                                
      9.50                            14814.00                                  
      8.40                            17502.00                                  
      9.80                            14007.00                                  
     11.00                            19443.00                                  
      8.30                             7573.00                                  
      9.90                            14191.00                                  
      8.60                             9714.00                                  
      6.40                             8076.00                                  
      7.00                             5304.00                                  
      8.20                            10728.00                                  
     17.40                            43243.00                                  
     15.00                            25319.00                                  
     15.20                            28028.00                                  
     16.40                            41792.00                                  
     16.70                            49499.00                                  
     15.40                            25312.00                                  
     15.00                            26222.00                                  
     14.50                            22148.00                                  
     14.80                            26751.00                                  
     13.60                            18036.00                                  
     25.60                            96305.00                                  
     23.40                           104170.00                                  
     24.40                            72594.00                                  
     23.30                            49512.00                                  
     19.50                            32207.00                                  
     21.20                            48218.00                                  
     22.80                            70453.00                                  
     21.70                            47661.00                                  
     19.80                            38138.00                                  
     21.30                            53045.00                                  
