   Y            X1          X2             X3                                   
                                                                                
                                                                                
57.702        12.980       0.317         9.998                                  
59.296        14.295       2.028         6.776                                  
56.166        15.531       5.305         2.947                                  
55.767        15.133       4.738         4.201                                  
51.722        15.342       7.038         2.053                                  
60.466        17.149       5.982        -0.055                                  
50.715        15.462       2.737         4.657                                  
37.447        12.801      10.663         3.048                                  
55.270        13.172       2.039         8.738                                  
59.289        16.125       2.271         2.101                                  
54.027        14.340       4.077         5.545                                  
53.199        12.923       2.643         9.331                                  
41.896        14.231      10.401         1.041                                  
63.264        15.222       1.220         6.149                                  
45.798        15.740      10.612        -1.691                                  
58.699        14.958       4.815         4.111                                  
50.086        14.125       3.153         8.453                                  
48.890        16.391       9.698        -1.714                                  
62.213        16.452       3.912         2.145                                  
45.625        13.535       7.625         3.851                                  
53.923        14.199       4.474         5.112                                  
56.741        16.565       8.546         8.974                                  
43.145        13.322       8.598         4.011                                  
50.706        15.949       8.290        -0.248                                  
56.817        14.123       0.578        -0.543                                  
