NonWhite Female	 Rate	 Lambda	 Heart Diseases	 Stroke	 COPD	 Motor Accidents	 Other Accidents	 Pneumonia/Influenza	 Diabetes	 AIDS	 Suicide	 Cirrhosis	 Homicide	 Residual	 Esophagus, Mouth, Pharynx	 Stomach	 Colorectal	 Lung	 Ovary	 Prostate	 Breast	 Pancreas	 Other Cancers
NonWhite Female 00	0.0135800000	0.0136730516	0.0007072268	0.0000000000	0.0000000000	0.0014507217	0.0025206289	0.0003445464	0.0000000000	0.0007434948	0.0000000000	0.0000000000	0.0016320619	0.0057303505	0.0000151469	0.0000204382	0.0000648139	0.0001039490	0.0000210975	0.0000000000	0.0000992832	0.0000341482	0.0001851438
NonWhite Female 01	0.0008000000	0.0008003202	0.0000413959	0.0000000000	0.0000000000	0.0000849146	0.0001475391	0.0000201672	0.0000000000	0.0000435187	0.0000000000	0.0000000000	0.0000955289	0.0003354127	0.0000008866	0.0000011963	0.0000037937	0.0000060844	0.0000012349	0.0000000000	0.0000058113	0.0000019988	0.0000108370
NonWhite Female 02	0.0006500000	0.0006502113	0.0000336316	0.0000000000	0.0000000000	0.0000689879	0.0001198665	0.0000163846	0.0000000000	0.0000353563	0.0000000000	0.0000000000	0.0000776114	0.0002725024	0.0000007203	0.0000009719	0.0000030822	0.0000049432	0.0000010033	0.0000000000	0.0000047213	0.0000016239	0.0000088044
NonWhite Female 03	0.0005200000	0.0005201352	0.0000269035	0.0000000000	0.0000000000	0.0000551868	0.0000958870	0.0000131069	0.0000000000	0.0000282832	0.0000000000	0.0000000000	0.0000620851	0.0002179877	0.0000005762	0.0000007775	0.0000024656	0.0000039543	0.0000008026	0.0000000000	0.0000037768	0.0000012990	0.0000070430
NonWhite Female 04	0.0004200000	0.0004200882	0.0000217287	0.0000000000	0.0000000000	0.0000445717	0.0000774433	0.0000105858	0.0000000000	0.0000228430	0.0000000000	0.0000000000	0.0000501432	0.0001760582	0.0000004654	0.0000006279	0.0000019913	0.0000031937	0.0000006482	0.0000000000	0.0000030504	0.0000010492	0.0000056883
NonWhite Female 05	0.0003400000	0.0003400578	0.0000178041	0.0000000000	0.0000164688	0.0000529671	0.0000556377	0.0000048961	0.0000000000	0.0000213649	0.0000000000	0.0000000000	0.0000324924	0.0001028185	0.0000009914	0.0000013378	0.0000042423	0.0000068038	0.0000013809	0.0000000000	0.0000064985	0.0000022351	0.0000121183
NonWhite Female 06	0.0002700000	0.0002700365	0.0000141380	0.0000000000	0.0000130777	0.0000420607	0.0000441814	0.0000038880	0.0000000000	0.0000169656	0.0000000000	0.0000000000	0.0000258019	0.0000816471	0.0000007873	0.0000010623	0.0000033688	0.0000054029	0.0000010966	0.0000000000	0.0000051604	0.0000017749	0.0000096231
NonWhite Female 07	0.0002300000	0.0002300265	0.0000120433	0.0000000000	0.0000111400	0.0000358287	0.0000376352	0.0000033119	0.0000000000	0.0000144519	0.0000000000	0.0000000000	0.0000219790	0.0000695499	0.0000006706	0.0000009049	0.0000028696	0.0000046023	0.0000009341	0.0000000000	0.0000043958	0.0000015119	0.0000081973
NonWhite Female 08	0.0001900000	0.0001900181	0.0000099486	0.0000000000	0.0000092024	0.0000295971	0.0000310893	0.0000027359	0.0000000000	0.0000119383	0.0000000000	0.0000000000	0.0000181562	0.0000574531	0.0000005540	0.0000007475	0.0000023705	0.0000038019	0.0000007716	0.0000000000	0.0000036312	0.0000012489	0.0000067715
NonWhite Female 09	0.0001700000	0.0001700145	0.0000089013	0.0000000000	0.0000082337	0.0000264813	0.0000278165	0.0000024479	0.0000000000	0.0000106815	0.0000000000	0.0000000000	0.0000162448	0.0000514049	0.0000004957	0.0000006688	0.0000021210	0.0000034016	0.0000006904	0.0000000000	0.0000032489	0.0000011175	0.0000060587
NonWhite Female 10	0.0001600000	0.0001600128	0.0000083776	0.0000000000	0.0000077493	0.0000249235	0.0000261801	0.0000023038	0.0000000000	0.0000100532	0.0000000000	0.0000000000	0.0000152892	0.0000483808	0.0000004665	0.0000006295	0.0000019962	0.0000032015	0.0000006498	0.0000000000	0.0000030578	0.0000010517	0.0000057022
NonWhite Female 11	0.0001700000	0.0001700145	0.0000089013	0.0000000000	0.0000082337	0.0000264813	0.0000278165	0.0000024479	0.0000000000	0.0000106815	0.0000000000	0.0000000000	0.0000162448	0.0000514049	0.0000004957	0.0000006688	0.0000021210	0.0000034016	0.0000006904	0.0000000000	0.0000032489	0.0000011175	0.0000060587
NonWhite Female 12	0.0001900000	0.0001900181	0.0000099486	0.0000000000	0.0000092024	0.0000295971	0.0000310893	0.0000027359	0.0000000000	0.0000119383	0.0000000000	0.0000000000	0.0000181562	0.0000574531	0.0000005540	0.0000007475	0.0000023705	0.0000038019	0.0000007716	0.0000000000	0.0000036312	0.0000012489	0.0000067715
NonWhite Female 13	0.0002300000	0.0002300265	0.0000120433	0.0000000000	0.0000111400	0.0000358287	0.0000376352	0.0000033119	0.0000000000	0.0000144519	0.0000000000	0.0000000000	0.0000219790	0.0000695499	0.0000006706	0.0000009049	0.0000028696	0.0000046023	0.0000009341	0.0000000000	0.0000043958	0.0000015119	0.0000081973
NonWhite Female 14	0.0003000000	0.0003000450	0.0000157092	0.0000000000	0.0000145310	0.0000467348	0.0000490911	0.0000043200	0.0000000000	0.0000188510	0.0000000000	0.0000000000	0.0000286692	0.0000907204	0.0000008748	0.0000011803	0.0000037431	0.0000060033	0.0000012184	0.0000000000	0.0000057338	0.0000019721	0.0000106924
NonWhite Female 15	0.0003600000	0.0003600648	0.0000242011	0.0000000000	0.0000082638	0.0000718162	0.0000161341	0.0000064930	0.0000000000	0.0000212497	0.0000121989	0.0000000000	0.0000790962	0.0000946400	0.0000007231	0.0000009757	0.0000030943	0.0000049626	0.0000010072	0.0000000000	0.0000047398	0.0000016303	0.0000088389
NonWhite Female 16	0.0004300000	0.0004300925	0.0000289079	0.0000000000	0.0000098710	0.0000857835	0.0000192719	0.0000077558	0.0000000000	0.0000253825	0.0000145714	0.0000000000	0.0000944793	0.0001130462	0.0000008638	0.0000011655	0.0000036960	0.0000059277	0.0000012031	0.0000000000	0.0000056617	0.0000019473	0.0000105579
NonWhite Female 17	0.0004900000	0.0004901201	0.0000329425	0.0000000000	0.0000112487	0.0000977562	0.0000219617	0.0000088382	0.0000000000	0.0000289251	0.0000166052	0.0000000000	0.0001076657	0.0001288239	0.0000009843	0.0000013282	0.0000042119	0.0000067551	0.0000013710	0.0000000000	0.0000064519	0.0000022191	0.0000120315
NonWhite Female 18	0.0005500000	0.0005501513	0.0000369774	0.0000000000	0.0000126264	0.0001097296	0.0000246516	0.0000099208	0.0000000000	0.0000324679	0.0000186390	0.0000000000	0.0001208529	0.0001446026	0.0000011049	0.0000014908	0.0000047278	0.0000075825	0.0000015389	0.0000000000	0.0000072421	0.0000024909	0.0000135051
NonWhite Female 19	0.0006100000	0.0006101861	0.0000410125	0.0000000000	0.0000140043	0.0001217038	0.0000273417	0.0000110034	0.0000000000	0.0000360110	0.0000206730	0.0000000000	0.0001340409	0.0001603823	0.0000012254	0.0000016535	0.0000052437	0.0000084099	0.0000017069	0.0000000000	0.0000080324	0.0000027627	0.0000149789
NonWhite Female 20	0.0006700000	0.0006702246	0.0000450479	0.0000000000	0.0000153822	0.0001336787	0.0000300319	0.0000120860	0.0000000000	0.0000395542	0.0000227071	0.0000000000	0.0001472297	0.0001761628	0.0000013460	0.0000018162	0.0000057596	0.0000092374	0.0000018748	0.0000000000	0.0000088227	0.0000030346	0.0000164527
NonWhite Female 21	0.0007500000	0.0007502814	0.0000504287	0.0000000000	0.0000172196	0.0001496463	0.0000336192	0.0000135297	0.0000000000	0.0000442789	0.0000254194	0.0000000000	0.0001648159	0.0001972051	0.0000015068	0.0000020332	0.0000064476	0.0000103407	0.0000020988	0.0000000000	0.0000098766	0.0000033970	0.0000184179
NonWhite Female 22	0.0008000000	0.0008003202	0.0000537920	0.0000000000	0.0000183680	0.0001596267	0.0000358613	0.0000144320	0.0000000000	0.0000472320	0.0000271147	0.0000000000	0.0001758080	0.0002103574	0.0000016073	0.0000021688	0.0000068776	0.0000110304	0.0000022387	0.0000000000	0.0000105353	0.0000036236	0.0000196463
NonWhite Female 23	0.0008500000	0.0008503615	0.0000571554	0.0000000000	0.0000195165	0.0001696076	0.0000381036	0.0000153344	0.0000000000	0.0000501853	0.0000288101	0.0000000000	0.0001868007	0.0002235103	0.0000017078	0.0000023044	0.0000073077	0.0000117201	0.0000023787	0.0000000000	0.0000111940	0.0000038502	0.0000208747
NonWhite Female 24	0.0009000000	0.0009004052	0.0000605190	0.0000000000	0.0000206650	0.0001795890	0.0000403460	0.0000162368	0.0000000000	0.0000531387	0.0000305055	0.0000000000	0.0001977939	0.0002366639	0.0000018083	0.0000024400	0.0000077377	0.0000124098	0.0000025187	0.0000000000	0.0000118528	0.0000040767	0.0000221032
NonWhite Female 25	0.0009400000	0.0009404421	0.0001225805	0.0000412598	0.0000150228	0.0000411188	0.0000414009	0.0000169976	0.0000189725	0.0001864098	0.0000000000	0.0000177029	0.0000631240	0.0002175839	0.0000044066	0.0000059459	0.0000188559	0.0000302412	0.0000061378	0.0000000000	0.0000288838	0.0000099345	0.0000538627
NonWhite Female 26	0.0010000000	0.0010005003	0.0001304087	0.0000438948	0.0000159822	0.0000437447	0.0000440448	0.0000180831	0.0000201841	0.0001983143	0.0000000000	0.0000188335	0.0000671552	0.0002314792	0.0000046880	0.0000063257	0.0000200601	0.0000321725	0.0000065297	0.0000000000	0.0000307284	0.0000105689	0.0000573025
NonWhite Female 27	0.0010600000	0.0010605622	0.0001382374	0.0000465298	0.0000169416	0.0000463708	0.0000466889	0.0000191687	0.0000213958	0.0002102194	0.0000000000	0.0000199641	0.0000711867	0.0002453753	0.0000049694	0.0000067054	0.0000212643	0.0000341039	0.0000069217	0.0000000000	0.0000325731	0.0000112034	0.0000607425
NonWhite Female 28	0.0011400000	0.0011406503	0.0001486763	0.0000500435	0.0000182210	0.0000498724	0.0000502146	0.0000206162	0.0000230115	0.0002260941	0.0000000000	0.0000214717	0.0000765623	0.0002639048	0.0000053447	0.0000072118	0.0000228701	0.0000366792	0.0000074444	0.0000000000	0.0000350328	0.0000120494	0.0000653294
NonWhite Female 29	0.0012400000	0.0012407694	0.0001617262	0.0000544360	0.0000198203	0.0000542499	0.0000546221	0.0000224258	0.0000250313	0.0002459392	0.0000000000	0.0000233563	0.0000832825	0.0002870687	0.0000058138	0.0000078448	0.0000248775	0.0000398987	0.0000080978	0.0000000000	0.0000381078	0.0000131071	0.0000710636
NonWhite Female 30	0.0013400000	0.0013408986	0.0001747774	0.0000588290	0.0000214198	0.0000586279	0.0000590301	0.0000242355	0.0000270513	0.0002657863	0.0000000000	0.0000252412	0.0000900033	0.0003102349	0.0000062830	0.0000084778	0.0000268851	0.0000431185	0.0000087513	0.0000000000	0.0000411831	0.0000141648	0.0000767984
NonWhite Female 31	0.0014300000	0.0014310234	0.0001865246	0.0000627830	0.0000228595	0.0000625684	0.0000629977	0.0000258645	0.0000288695	0.0002836504	0.0000000000	0.0000269377	0.0000960526	0.0003310865	0.0000067053	0.0000090477	0.0000286921	0.0000460166	0.0000093395	0.0000000000	0.0000439511	0.0000151168	0.0000819602
NonWhite Female 32	0.0015400000	0.0015411870	0.0002008837	0.0000676162	0.0000246192	0.0000673850	0.0000678474	0.0000278556	0.0000310919	0.0003054865	0.0000000000	0.0000290114	0.0001034470	0.0003565743	0.0000072215	0.0000097442	0.0000309008	0.0000495590	0.0000100585	0.0000000000	0.0000473345	0.0000162806	0.0000882697
NonWhite Female 33	0.0016600000	0.0016613793	0.0002165500	0.0000728894	0.0000265392	0.0000726402	0.0000731386	0.0000300279	0.0000335167	0.0003293105	0.0000000000	0.0000312739	0.0001115145	0.0003843824	0.0000077847	0.0000105041	0.0000333107	0.0000534240	0.0000108429	0.0000000000	0.0000510260	0.0000175502	0.0000951536
NonWhite Female 34	0.0017700000	0.0017715683	0.0002309124	0.0000777237	0.0000282994	0.0000774580	0.0000779894	0.0000320195	0.0000357396	0.0003511516	0.0000000000	0.0000333481	0.0001189106	0.0004098761	0.0000083010	0.0000112007	0.0000355200	0.0000569673	0.0000115621	0.0000000000	0.0000544103	0.0000187142	0.0001014645
NonWhite Female 35	0.0018900000	0.0018917883	0.0002465823	0.0000829981	0.0000302198	0.0000827143	0.0000832818	0.0000341924	0.0000381649	0.0003749810	0.0000000000	0.0000356111	0.0001269799	0.0004376906	0.0000088643	0.0000119608	0.0000379304	0.0000608331	0.0000123467	0.0000000000	0.0000581026	0.0000199842	0.0001083500
NonWhite Female 36	0.0020300000	0.0020320632	0.0002648662	0.0000891523	0.0000324606	0.0000888475	0.0000894571	0.0000367277	0.0000409948	0.0004027856	0.0000000000	0.0000382517	0.0001363954	0.0004701451	0.0000095216	0.0000128477	0.0000407429	0.0000653438	0.0000132622	0.0000000000	0.0000624108	0.0000214660	0.0001163841
NonWhite Female 37	0.0021600000	0.0021623362	0.0002818464	0.0000948678	0.0000345416	0.0000945434	0.0000951921	0.0000390823	0.0000436230	0.0004286077	0.0000000000	0.0000407039	0.0001451396	0.0005002855	0.0000101320	0.0000136714	0.0000433549	0.0000695329	0.0000141124	0.0000000000	0.0000664119	0.0000228422	0.0001238453
NonWhite Female 38	0.0022800000	0.0022826032	0.0002975224	0.0001001442	0.0000364628	0.0000998018	0.0001004866	0.0000412560	0.0000460492	0.0004524464	0.0000000000	0.0000429679	0.0001532121	0.0005281109	0.0000106955	0.0000144318	0.0000457663	0.0000734003	0.0000148973	0.0000000000	0.0000701057	0.0000241126	0.0001307334
NonWhite Female 39	0.0023900000	0.0023928606	0.0003118938	0.0001049815	0.0000382240	0.0001046226	0.0001053404	0.0000432488	0.0000482735	0.0004743011	0.0000000000	0.0000450433	0.0001606127	0.0005536204	0.0000112121	0.0000151289	0.0000479769	0.0000769458	0.0000156169	0.0000000000	0.0000734920	0.0000252774	0.0001370483
NonWhite Female 40	0.0025200000	0.0025231805	0.0003288801	0.0001106990	0.0000403058	0.0001103206	0.0001110775	0.0000456042	0.0000509026	0.0005001325	0.0000000000	0.0000474965	0.0001693600	0.0005837717	0.0000118228	0.0000159528	0.0000505898	0.0000811364	0.0000164674	0.0000000000	0.0000774946	0.0000266540	0.0001445122
NonWhite Female 41	0.0026700000	0.0026735708	0.0003484825	0.0001172971	0.0000427082	0.0001168960	0.0001176981	0.0000483224	0.0000539366	0.0005299421	0.0000000000	0.0000503275	0.0001794545	0.0006185665	0.0000125274	0.0000169037	0.0000536052	0.0000859724	0.0000174489	0.0000000000	0.0000821135	0.0000282427	0.0001531257
NonWhite Female 42	0.0028500000	0.0028540690	0.0003720093	0.0001252160	0.0000455915	0.0001247879	0.0001256441	0.0000515847	0.0000575780	0.0005657195	0.0000000000	0.0000537252	0.0001915698	0.0006603272	0.0000133732	0.0000180449	0.0000572242	0.0000917766	0.0000186270	0.0000000000	0.0000876571	0.0000301494	0.0001634635
NonWhite Female 43	0.0030700000	0.0030747221	0.0004007700	0.0001348967	0.0000491162	0.0001344355	0.0001353579	0.0000555728	0.0000620294	0.0006094563	0.0000000000	0.0000578787	0.0002063804	0.0007113783	0.0000144071	0.0000194399	0.0000616483	0.0000988720	0.0000200670	0.0000000000	0.0000944341	0.0000324803	0.0001761011
NonWhite Female 44	0.0033100000	0.0033154902	0.0004321525	0.0001454599	0.0000529623	0.0001449626	0.0001459572	0.0000599245	0.0000668867	0.0006571802	0.0000000000	0.0000624110	0.0002225412	0.0007670832	0.0000155353	0.0000209622	0.0000664757	0.0001066142	0.0000216384	0.0000000000	0.0001018288	0.0000350237	0.0001898909
NonWhite Female 45	0.0035800000	0.0035864235	0.0009741404	0.0002267452	0.0000879751	0.0000361326	0.0000543298	0.0000595664	0.0002208540	0.0000987101	0.0000000000	0.0000629702	0.0000000000	0.0006435794	0.0000312232	0.0000421304	0.0001336044	0.0002142759	0.0000434894	0.0000000000	0.0002046580	0.0000703915	0.0003816473
NonWhite Female 46	0.0038800000	0.0038875467	0.0010559312	0.0002457832	0.0000953616	0.0000391664	0.0000588915	0.0000645678	0.0002393974	0.0001069980	0.0000000000	0.0000682573	0.0000000000	0.0006976156	0.0000338447	0.0000456677	0.0001448221	0.0002322669	0.0000471409	0.0000000000	0.0002218415	0.0000763017	0.0004136912
NonWhite Female 47	0.0042100000	0.0042188870	0.0011459295	0.0002667316	0.0001034894	0.0000425046	0.0000639109	0.0000700709	0.0002598015	0.0001161176	0.0000000000	0.0000740750	0.0000000000	0.0007570742	0.0000367293	0.0000495600	0.0001571655	0.0002520633	0.0000511587	0.0000000000	0.0002407494	0.0000828050	0.0004489506
NonWhite Female 48	0.0045800000	0.0045905203	0.0012468721	0.0002902275	0.0001126056	0.0000462487	0.0000695406	0.0000762434	0.0002826869	0.0001263461	0.0000000000	0.0000806001	0.0000000000	0.0008237634	0.0000399648	0.0000539257	0.0001710099	0.0002742671	0.0000556652	0.0000000000	0.0002619565	0.0000900991	0.0004884978
NonWhite Female 49	0.0050000000	0.0050125418	0.0013615011	0.0003169090	0.0001229578	0.0000505005	0.0000759337	0.0000832527	0.0003086752	0.0001379615	0.0000000000	0.0000880100	0.0000000000	0.0008994946	0.0000436388	0.0000588832	0.0001867314	0.0002994813	0.0000607827	0.0000000000	0.0002860390	0.0000983822	0.0005334070
NonWhite Female 50	0.0054600000	0.0054749603	0.0014871027	0.0003461446	0.0001343009	0.0000551593	0.0000829388	0.0000909329	0.0003371512	0.0001506888	0.0000000000	0.0000961291	0.0000000000	0.0009824751	0.0000476646	0.0000643153	0.0002039578	0.0003271092	0.0000663900	0.0000000000	0.0003124267	0.0001074582	0.0005826150
NonWhite Female 51	0.0059400000	0.0059577120	0.0016182272	0.0003766657	0.0001461428	0.0000600229	0.0000902519	0.0000989509	0.0003668794	0.0001639757	0.0000000000	0.0001046052	0.0000000000	0.0010691043	0.0000518674	0.0000699863	0.0002219417	0.0003559518	0.0000722439	0.0000000000	0.0003399748	0.0001169333	0.0006339867
NonWhite Female 52	0.0064600000	0.0064809561	0.0017603502	0.0004097469	0.0001589780	0.0000652945	0.0000981784	0.0001076414	0.0003991010	0.0001783771	0.0000000000	0.0001137923	0.0000000000	0.0011629998	0.0000564228	0.0000761329	0.0002414340	0.0003872138	0.0000785888	0.0000000000	0.0003698336	0.0001272031	0.0006896675
NonWhite Female 53	0.0070000000	0.0070246149	0.0019080182	0.0004441187	0.0001723140	0.0000707718	0.0001064141	0.0001166709	0.0004325799	0.0001933404	0.0000000000	0.0001233378	0.0000000000	0.0012605588	0.0000611558	0.0000825194	0.0002616868	0.0004196954	0.0000851813	0.0000000000	0.0004008573	0.0001378736	0.0007475206
NonWhite Female 54	0.0075700000	0.0075987979	0.0020639772	0.0004804204	0.0001863987	0.0000765566	0.0001151123	0.0001262074	0.0004679384	0.0002091438	0.0000000000	0.0001334193	0.0000000000	0.0013635952	0.0000661546	0.0000892644	0.0002830768	0.0004540008	0.0000921439	0.0000000000	0.0004336228	0.0001491432	0.0008086220
NonWhite Female 55	0.0081800000	0.0082136398	0.0022309799	0.0005192927	0.0002014808	0.0000827510	0.0001244264	0.0001364193	0.0005058007	0.0002260662	0.0000000000	0.0001442147	0.0000000000	0.0014739278	0.0000715074	0.0000964871	0.0003059814	0.0004907354	0.0000995996	0.0000000000	0.0004687086	0.0001612108	0.0008740501
NonWhite Female 56	0.0088400000	0.0088793046	0.0024117870	0.0005613782	0.0002178096	0.0000894575	0.0001345104	0.0001474752	0.0005467927	0.0002443875	0.0000000000	0.0001559024	0.0000000000	0.0015933806	0.0000773026	0.0001043068	0.0003307793	0.0005305065	0.0001076715	0.0000000000	0.0005066945	0.0001742760	0.0009448864
NonWhite Female 57	0.0095700000	0.0096160867	0.0026119110	0.0006079599	0.0002358828	0.0000968805	0.0001456717	0.0001597123	0.0005921642	0.0002646662	0.0000000000	0.0001688388	0.0000000000	0.0017255953	0.0000837170	0.0001129619	0.0003582265	0.0005745265	0.0001166058	0.0000000000	0.0005487387	0.0001887370	0.0010232907
NonWhite Female 58	0.0104000000	0.0104544579	0.0028396284	0.0006609644	0.0002564481	0.0001053269	0.0001583720	0.0001736367	0.0006437916	0.0002877409	0.0000000000	0.0001835588	0.0000000000	0.0018760400	0.0000910158	0.0001228104	0.0003894582	0.0006246162	0.0001267720	0.0000000000	0.0005965801	0.0002051919	0.0011125055
NonWhite Female 59	0.0112900000	0.0113542158	0.0030840197	0.0007178500	0.0002785192	0.0001143918	0.0001720022	0.0001885807	0.0006991992	0.0003125052	0.0000000000	0.0001993567	0.0000000000	0.0020375005	0.0000988490	0.0001333800	0.0004229767	0.0006783735	0.0001376826	0.0000000000	0.0006479245	0.0002228516	0.0012082528
NonWhite Female 60	0.0122600000	0.0123357738	0.0033506294	0.0007799073	0.0003025968	0.0001242808	0.0001868715	0.0002048833	0.0007596441	0.0003395208	0.0000000000	0.0002165909	0.0000000000	0.0022136399	0.0001073944	0.0001449105	0.0004595426	0.0007370180	0.0001495851	0.0000000000	0.0007039367	0.0002421168	0.0013127048
NonWhite Female 61	0.0132800000	0.0133689677	0.0036312644	0.0008452291	0.0003279411	0.0001346901	0.0002025231	0.0002220435	0.0008232688	0.0003679577	0.0000000000	0.0002347316	0.0000000000	0.0023990453	0.0001163893	0.0001570476	0.0004980320	0.0007987477	0.0001621137	0.0000000000	0.0007628956	0.0002623956	0.0014226515
NonWhite Female 62	0.0143700000	0.0144742484	0.0039314795	0.0009151085	0.0003550537	0.0001458256	0.0002192668	0.0002404009	0.0008913326	0.0003983787	0.0000000000	0.0002541381	0.0000000000	0.0025973866	0.0001260118	0.0001700316	0.0005392068	0.0008647842	0.0001755165	0.0000000000	0.0008259681	0.0002840891	0.0015402694
NonWhite Female 63	0.0155100000	0.0156315384	0.0042458214	0.0009882761	0.0003834420	0.0001574851	0.0002367983	0.0002596222	0.0009625992	0.0004302311	0.0000000000	0.0002744577	0.0000000000	0.0028050609	0.0001360871	0.0001836265	0.0005823191	0.0009339281	0.0001895499	0.0000000000	0.0008920084	0.0003068035	0.0016634218
NonWhite Female 64	0.0167200000	0.0168613571	0.0045798634	0.0010660292	0.0004136095	0.0001698753	0.0002554285	0.0002800481	0.0010383322	0.0004640797	0.0000000000	0.0002960508	0.0000000000	0.0030257504	0.0001467938	0.0001980734	0.0006281334	0.0010074053	0.0002044628	0.0000000000	0.0009621876	0.0003309414	0.0017942923
NonWhite Female 65	0.0179800000	0.0181436042	0.0066132898	0.0017425855	0.0004327513	0.0000473925	0.0001964322	0.0006351881	0.0010036057	0.0000000000	0.0000000000	0.0000000000	0.0000000000	0.0038831821	0.0000999317	0.0001348409	0.0004276096	0.0006858037	0.0001391906	0.0000000000	0.0006550212	0.0002252925	0.0012214868
NonWhite Female 66	0.0193400000	0.0195294646	0.0071184318	0.0018756891	0.0004658061	0.0000510125	0.0002114363	0.0006837055	0.0010802640	0.0000000000	0.0000000000	0.0000000000	0.0000000000	0.0041797906	0.0001075648	0.0001451404	0.0004602717	0.0007381874	0.0001498224	0.0000000000	0.0007050536	0.0002425010	0.0013147875
NonWhite Female 67	0.0208200000	0.0210397923	0.0076689417	0.0020207471	0.0005018296	0.0000549576	0.0002277879	0.0007365805	0.0011638071	0.0000000000	0.0000000000	0.0000000000	0.0000000000	0.0045030383	0.0001158834	0.0001563650	0.0004958672	0.0007952757	0.0001614090	0.0000000000	0.0007595795	0.0002612550	0.0014164677
NonWhite Female 68	0.0224700000	0.0227262971	0.0082836677	0.0021827259	0.0005420552	0.0000593628	0.0002460469	0.0007956232	0.0012570954	0.0000000000	0.0000000000	0.0000000000	0.0000000000	0.0048639922	0.0001251724	0.0001688989	0.0005356148	0.0008590233	0.0001743472	0.0000000000	0.0008204658	0.0002821966	0.0015300087
NonWhite Female 69	0.0242500000	0.0245488729	0.0089479912	0.0023577735	0.0005855263	0.0000641235	0.0002657790	0.0008594296	0.0013579104	0.0000000000	0.0000000000	0.0000000000	0.0000000000	0.0052540687	0.0001352108	0.0001824440	0.0005785694	0.0009279142	0.0001883293	0.0000000000	0.0008862645	0.0003048279	0.0016527105
NonWhite Female 70	0.0262100000	0.0265596043	0.0096808968	0.0025508923	0.0006334852	0.0000693757	0.0002875483	0.0009298232	0.0014691331	0.0000000000	0.0000000000	0.0000000000	0.0000000000	0.0056844152	0.0001462855	0.0001973875	0.0006259584	0.0010039172	0.0002037549	0.0000000000	0.0009588560	0.0003297955	0.0017880795
NonWhite Female 71	0.0282800000	0.0286875819	0.0104565383	0.0027552719	0.0006842405	0.0000749342	0.0003105869	0.0010043214	0.0015868413	0.0000000000	0.0000000000	0.0000000000	0.0000000000	0.0061398552	0.0001580061	0.0002132024	0.0006761107	0.0010843518	0.0002200799	0.0000000000	0.0010356803	0.0003562190	0.0019313419
NonWhite Female 72	0.0303800000	0.0308510368	0.0112451112	0.0029630589	0.0007358421	0.0000805853	0.0003340096	0.0010800616	0.0017065119	0.0000000000	0.0000000000	0.0000000000	0.0000000000	0.0066028884	0.0001699220	0.0002292809	0.0007270992	0.0011661275	0.0002366770	0.0000000000	0.0011137855	0.0003830830	0.0020769928
NonWhite Female 73	0.0324700000	0.0330088468	0.0120316265	0.0031703037	0.0007873090	0.0000862217	0.0003573712	0.0011556042	0.0018258702	0.0000000000	0.0000000000	0.0000000000	0.0000000000	0.0070647133	0.0001818068	0.0002453174	0.0007779546	0.0012476898	0.0002532309	0.0000000000	0.0011916868	0.0004098770	0.0022222636
NonWhite Female 74	0.0346300000	0.0352438314	0.0128462718	0.0033849608	0.0008406166	0.0000920596	0.0003815683	0.0012338486	0.0019494975	0.0000000000	0.0000000000	0.0000000000	0.0000000000	0.0075430555	0.0001941167	0.0002619276	0.0008306288	0.0013321692	0.0002703768	0.0000000000	0.0012723743	0.0004376292	0.0023727301
NonWhite Female 75	0.0369400000	0.0376395638	0.0137195091	0.0036150566	0.0008977583	0.0000983174	0.0004075058	0.0013177206	0.0020820164	0.0000000000	0.0000000000	0.0000000000	0.0000000000	0.0080558018	0.0002073120	0.0002797323	0.0008870916	0.0014227247	0.0002887560	0.0000000000	0.0013588652	0.0004673774	0.0025340186
NonWhite Female 76	0.0395400000	0.0403429426	0.0147048827	0.0038747001	0.0009622379	0.0001053789	0.0004367740	0.0014123630	0.0022315526	0.0000000000	0.0000000000	0.0000000000	0.0000000000	0.0086343920	0.0002222017	0.0002998235	0.0009508050	0.0015249087	0.0003094952	0.0000000000	0.0014564627	0.0005009458	0.0027160189
NonWhite Female 77	0.0425200000	0.0434504459	0.0158375584	0.0041731573	0.0010363563	0.0001134959	0.0004704174	0.0015211533	0.0024034428	0.0000000000	0.0000000000	0.0000000000	0.0000000000	0.0092994749	0.0002393173	0.0003229181	0.0010240429	0.0016423682	0.0003333348	0.0000000000	0.0015686499	0.0005395322	0.0029252262
NonWhite Female 78	0.0459500000	0.0470391980	0.0171456478	0.0045178357	0.0011219533	0.0001228700	0.0005092712	0.0016467917	0.0026019531	0.0000000000	0.0000000000	0.0000000000	0.0000000000	0.0100675570	0.0002590835	0.0003495892	0.0011086228	0.0017780181	0.0003608663	0.0000000000	0.0016982112	0.0005840944	0.0031668328
NonWhite Female 79	0.0499300000	0.0512196129	0.0186693966	0.0049193397	0.0012216623	0.0001337896	0.0005545305	0.0017931435	0.0028331910	0.0000000000	0.0000000000	0.0000000000	0.0000000000	0.0109622697	0.0002821084	0.0003806575	0.0012071471	0.0019360322	0.0003929368	0.0000000000	0.0018491327	0.0006360034	0.0034482720
NonWhite Female 80	0.0545200000	0.0560625439	0.0204346306	0.0053844745	0.0013371732	0.0001464397	0.0006069627	0.0019626893	0.0031010756	0.0000000000	0.0000000000	0.0000000000	0.0000000000	0.0119987772	0.0003087824	0.0004166495	0.0013212856	0.0021190884	0.0004300898	0.0000000000	0.0020239724	0.0006961390	0.0037743139
NonWhite Female 81	0.0598200000	0.0616839327	0.0224836101	0.0059243755	0.0014712515	0.0001611232	0.0006678228	0.0021594881	0.0034120203	0.0000000000	0.0000000000	0.0000000000	0.0000000000	0.0132018941	0.0003397440	0.0004584269	0.0014537708	0.0023315693	0.0004732149	0.0000000000	0.0022269160	0.0007659408	0.0041527642
NonWhite Female 82	0.0659300000	0.0682038971	0.0248601178	0.0065505794	0.0016267621	0.0001781538	0.0007384114	0.0023877450	0.0037726694	0.0000000000	0.0000000000	0.0000000000	0.0000000000	0.0145973285	0.0003756548	0.0005068825	0.0016074338	0.0025780152	0.0005232335	0.0000000000	0.0024623001	0.0008469004	0.0045917096
NonWhite Female 83	0.0730000000	0.0758017134	0.0276294992	0.0072803045	0.0018079811	0.0001979999	0.0008206693	0.0026537364	0.0041929393	0.0000000000	0.0000000000	0.0000000000	0.0000000000	0.0162234499	0.0004175022	0.0005633485	0.0017864996	0.0028652024	0.0005815210	0.0000000000	0.0027365968	0.0009412439	0.0051032194
NonWhite Female 84	0.0812600000	0.0847521129	0.0308918932	0.0081399372	0.0020214612	0.0002213790	0.0009175711	0.0029670802	0.0046880269	0.0000000000	0.0000000000	0.0000000000	0.0000000000	0.0181390578	0.0004667994	0.0006298667	0.0019974431	0.0032035154	0.0006501849	0.0000000000	0.0030597245	0.0010523827	0.0057057896
NonWhite Female 85	0.0857920000	0.0896971623	0.0326943490	0.0086148799	0.0021394078	0.0002342959	0.0009711088	0.0031402011	0.0049615601	0.0000000000	0.0000000000	0.0000000000	0.0000000000	0.0191974212	0.0004940359	0.0006666176	0.0021139884	0.0033904316	0.0006881214	0.0000000000	0.0032382509	0.0011137863	0.0060387065
NonWhite Female 86	0.0949800000	0.0997982361	0.0363761604	0.0095850280	0.0023803331	0.0002606807	0.0010804683	0.0034938288	0.0055202967	0.0000000000	0.0000000000	0.0000000000	0.0000000000	0.0213593019	0.0005496708	0.0007416875	0.0023520511	0.0037722385	0.0007656129	0.0000000000	0.0036029203	0.0012392132	0.0067187439
NonWhite Female 87	0.1050620000	0.1110008368	0.0404594751	0.0106609713	0.0026475314	0.0002899427	0.0012017536	0.0038860198	0.0061399638	0.0000000000	0.0000000000	0.0000000000	0.0000000000	0.0237569368	0.0006113727	0.0008249438	0.0026160747	0.0041956817	0.0008515548	0.0000000000	0.0040073570	0.0013783179	0.0074729396
NonWhite Female 88	0.1160710000	0.1233785363	0.0449711097	0.0118497759	0.0029427575	0.0003222742	0.0013357611	0.0043193498	0.0068246309	0.0000000000	0.0000000000	0.0000000000	0.0000000000	0.0264060720	0.0006795469	0.0009169332	0.0029077931	0.0046635420	0.0009465117	0.0000000000	0.0044542173	0.0015320141	0.0083062468
NonWhite Female 89	0.1280350000	0.1370059935	0.0499382774	0.0131586122	0.0032677922	0.0003578702	0.0014832991	0.0047964324	0.0075784279	0.0000000000	0.0000000000	0.0000000000	0.0000000000	0.0293226864	0.0007546044	0.0010182107	0.0032289659	0.0051786415	0.0010510562	0.0000000000	0.0049461963	0.0017012288	0.0092236919
NonWhite Female 90	0.1409760000	0.1519584179	0.0553883916	0.0145947038	0.0036244293	0.0003969271	0.0016451820	0.0053199006	0.0084055149	0.0000000000	0.0000000000	0.0000000000	0.0000000000	0.0325228767	0.0008369597	0.0011293352	0.0035813656	0.0057438229	0.0011657653	0.0000000000	0.0054860094	0.0018868958	0.0102303380
NonWhite Female 91	0.1549100000	0.1683121484	0.0613492778	0.0161653825	0.0040144895	0.0004396443	0.0018222361	0.0058924271	0.0093101145	0.0000000000	0.0000000000	0.0000000000	0.0000000000	0.0360229814	0.0009270331	0.0012508740	0.0039667913	0.0063619718	0.0012912247	0.0000000000	0.0060764125	0.0020899631	0.0113313247
NonWhite Female 92	0.1698420000	0.1861392349	0.0678471978	0.0178775683	0.0044396915	0.0004862100	0.0020152415	0.0065165343	0.0102962121	0.0000000000	0.0000000000	0.0000000000	0.0000000000	0.0398384208	0.0010252215	0.0013833625	0.0043869412	0.0070358116	0.0014279871	0.0000000000	0.0067200068	0.0023113253	0.0125315025
NonWhite Female 93	0.1857750000	0.2055185384	0.0749108963	0.0197388354	0.0049019160	0.0005368303	0.0022250521	0.0071949828	0.0113681700	0.0000000000	0.0000000000	0.0000000000	0.0000000000	0.0439860732	0.0011319593	0.0015273870	0.0048436739	0.0077683231	0.0015766575	0.0000000000	0.0074196392	0.0025519617	0.0138361806
NonWhite Female 94	0.2027000000	0.2265242595	0.0825674192	0.0217563101	0.0054029330	0.0005916988	0.0024524711	0.0079303705	0.0125300925	0.0000000000	0.0000000000	0.0000000000	0.0000000000	0.0484818194	0.0012476550	0.0016834988	0.0053387381	0.0085623110	0.0017378052	0.0000000000	0.0081779887	0.0028127937	0.0152503545
NonWhite Female 95	0.2199060000	0.2483408537	0.0905195030	0.0238516645	0.0059232905	0.0006486854	0.0026886690	0.0086941460	0.0137368681	0.0000000000	0.0000000000	0.0000000000	0.0000000000	0.0531511125	0.0013678169	0.0018456369	0.0058529129	0.0093869488	0.0019051735	0.0000000000	0.0089656123	0.0030836943	0.0167191190
NonWhite Female 96	0.2372040000	0.2707646491	0.0986929097	0.0260053369	0.0064581307	0.0007072581	0.0029314409	0.0094791789	0.0149772307	0.0000000000	0.0000000000	0.0000000000	0.0000000000	0.0579503619	0.0014913231	0.0020122876	0.0063813983	0.0102345379	0.0020772001	0.0000000000	0.0097751571	0.0033621348	0.0182287623
NonWhite Female 97	0.2543880000	0.2935499213	0.1069980737	0.0281937270	0.0070015926	0.0007667750	0.0031781263	0.0102768668	0.0162375883	0.0000000000	0.0000000000	0.0000000000	0.0000000000	0.0628269762	0.0016168203	0.0021816248	0.0069184031	0.0110957904	0.0022519998	0.0000000000	0.0105977520	0.0036450637	0.0197627414
NonWhite Female 98	0.2712340000	0.3164025862	0.1153278021	0.0303885898	0.0075466618	0.0008264679	0.0034255413	0.0110769140	0.0175016737	0.0000000000	0.0000000000	0.0000000000	0.0000000000	0.0677180142	0.0017426887	0.0023514628	0.0074569961	0.0119595903	0.0024273164	0.0000000000	0.0114227799	0.0039288295	0.0213012576
NonWhite Female 99	0.2875080000	0.3389865950	0.1235596062	0.0325576497	0.0080853233	0.0008854591	0.0036700476	0.0118675558	0.0187508984	0.0000000000	0.0000000000	0.0000000000	0.0000000000	0.0725515532	0.0018670774	0.0025193042	0.0079892575	0.0128132353	0.0026005721	0.0000000000	0.0122381088	0.0042092593	0.0228216870
NonWhite Female 100	0.3047580000	0.3634952926	0.1324929536	0.0349115646	0.0086698914	0.0009494777	0.0039353917	0.0127255789	0.0201065866	0.0000000000	0.0000000000	0.0000000000	0.0000000000	0.0777970234	0.0020020669	0.0027014496	0.0085668800	0.0137396310	0.0027885932	0.0000000000	0.0131229229	0.0045135883	0.0244716927
NonWhite Female 101	0.3230440000	0.3901490008	0.1422081510	0.0374714950	0.0093056211	0.0010190992	0.0042239588	0.0136586966	0.0215809250	0.0000000000	0.0000000000	0.0000000000	0.0000000000	0.0835015791	0.0021488707	0.0028995365	0.0091950563	0.0147471051	0.0029930700	0.0000000000	0.0140851762	0.0048445523	0.0262661076
NonWhite Female 102	0.3424260000	0.4191979737	0.1527964153	0.0402614764	0.0099984813	0.0010949774	0.0045384583	0.0146756698	0.0231877565	0.0000000000	0.0000000000	0.0000000000	0.0000000000	0.0897187811	0.0023088673	0.0031154247	0.0098796843	0.0158451171	0.0032159223	0.0000000000	0.0151339035	0.0052052588	0.0282217795
NonWhite Female 103	0.3629720000	0.4509416683	0.1643668977	0.0433102698	0.0107556146	0.0011778944	0.0048821323	0.0157869824	0.0249436454	0.0000000000	0.0000000000	0.0000000000	0.0000000000	0.0965127203	0.0024837059	0.0033513397	0.0106278217	0.0170449858	0.0034594474	0.0000000000	0.0162799157	0.0055994262	0.0303588689
NonWhite Female 104	0.3847500000	0.4857265897	0.1770458981	0.0466511550	0.0115852856	0.0012687553	0.0052587322	0.0170047651	0.0268677585	0.0000000000	0.0000000000	0.0000000000	0.0000000000	0.1039575577	0.0026752950	0.0036098567	0.0114476349	0.0183598089	0.0037263037	0.0000000000	0.0175357225	0.0060313570	0.0327007037
NonWhite Female 105	0.4078350000	0.5239699667	0.1909854953	0.0503242043	0.0124974458	0.0013686499	0.0056727752	0.0183436245	0.0289831745	0.0000000000	0.0000000000	0.0000000000	0.0000000000	0.1121425905	0.0028859326	0.0038940765	0.0123489573	0.0198053569	0.0040196919	0.0000000000	0.0189163865	0.0065062320	0.0352753730
NonWhite Female 106	0.4323050000	0.5661709763	0.2063676379	0.0543773607	0.0135040012	0.0014788822	0.0061296656	0.0198210365	0.0313175053	0.0000000000	0.0000000000	0.0000000000	0.0000000000	0.1211746550	0.0031183682	0.0042077089	0.0133435533	0.0214004980	0.0043434415	0.0000000000	0.0204399292	0.0070302498	0.0381164831
NonWhite Female 107	0.4582430000	0.6129377176	0.2234139761	0.0588690285	0.0146194560	0.0016010405	0.0066359870	0.0214582897	0.0339043876	0.0000000000	0.0000000000	0.0000000000	0.0000000000	0.1311838996	0.0033759511	0.0045552732	0.0144457548	0.0231682177	0.0047022175	0.0000000000	0.0221283042	0.0076109611	0.0412649731
NonWhite Female 108	0.4857380000	0.6650224158	0.2423986937	0.0638714545	0.0158617518	0.0017370898	0.0071998834	0.0232817190	0.0367854304	0.0000000000	0.0000000000	0.0000000000	0.0000000000	0.1423313190	0.0036628242	0.0049423599	0.0156732903	0.0251369489	0.0051017909	0.0000000000	0.0240086682	0.0082577064	0.0447714855
NonWhite Female 109	0.5148820000	0.7233631187	0.2636637065	0.0694747326	0.0172532624	0.0018894802	0.0078315106	0.0253241642	0.0400125214	0.0000000000	0.0000000000	0.0000000000	0.0000000000	0.1548176788	0.0039841544	0.0053759404	0.0170482677	0.0273421486	0.0055493579	0.0000000000	0.0261148868	0.0089821337	0.0486991725
NonWhite Female 110	0.5457750000	0.7891626090	0.2876474251	0.0757943830	0.0188226760	0.0020613535	0.0085438906	0.0276277335	0.0436521920	0.0000000000	0.0000000000	0.0000000000	0.0000000000	0.1689004045	0.0043465662	0.0058649537	0.0185990342	0.0298292805	0.0060541457	0.0000000000	0.0284903829	0.0097991782	0.0531290096
NonWhite Female 111	0.5785220000	0.8639876974	0.3149209475	0.0829808885	0.0206073631	0.0022568024	0.0093539864	0.0302472793	0.0477911098	0.0000000000	0.0000000000	0.0000000000	0.0000000000	0.1849148324	0.0047586893	0.0064210440	0.0203625166	0.0326575677	0.0066281744	0.0000000000	0.0311917215	0.0107282951	0.0581664794
NonWhite Female 112	0.6132330000	0.9499328345	0.3462476944	0.0912354086	0.0226572797	0.0024812977	0.0102844738	0.0332561260	0.0525451282	0.0000000000	0.0000000000	0.0000000000	0.0000000000	0.2033092270	0.0052320597	0.0070597770	0.0223880770	0.0359061778	0.0072875118	0.0000000000	0.0342945165	0.0117954918	0.0639525873
NonWhite Female 113	0.6448780000	1.0352938866	0.3773615442	0.0994338308	0.0246932649	0.0027042674	0.0112086376	0.0362445246	0.0572668383	0.0000000000	0.0000000000	0.0000000000	0.0000000000	0.2215786129	0.0057022131	0.0076941692	0.0243998717	0.0391327102	0.0079423683	0.0000000000	0.0373762250	0.0128554358	0.0696993727
NonWhite Female 114	0.6771220000	1.1304807361	0.4120568679	0.1085759625	0.0269636097	0.0029529027	0.0122391806	0.0395769137	0.0625320582	0.0000000000	0.0000000000	0.0000000000	0.0000000000	0.2419509635	0.0062264852	0.0084015855	0.0266432414	0.0427306446	0.0086726044	0.0000000000	0.0408126647	0.0140373885	0.0761076629
NonWhite Female 115	0.7109780000	1.2412524692	0.4524328353	0.1192149298	0.0296056766	0.0032422470	0.0134384538	0.0434549129	0.0686593492	0.0000000000	0.0000000000	0.0000000000	0.0000000000	0.2656588664	0.0068365961	0.0092248266	0.0292539166	0.0469176664	0.0095224016	0.0000000000	0.0448117507	0.0154128616	0.0835651785
NonWhite Female 116	0.7465270000	1.3724979705	0.5002714304	0.1318202809	0.0327360727	0.0035850704	0.0148593868	0.0480496766	0.0759191379	0.0000000000	0.0000000000	0.0000000000	0.0000000000	0.2937486644	0.0075594727	0.0102002261	0.0323471188	0.0518785691	0.0105292656	0.0000000000	0.0495499815	0.0170425613	0.0924010552
NonWhite Female 117	0.7838540000	1.5318011737	0.5583369744	0.1471204077	0.0365356858	0.0040011826	0.0165840873	0.0536267103	0.0847309264	0.0000000000	0.0000000000	0.0000000000	0.0000000000	0.3278435077	0.0084368862	0.0113841467	0.0361015868	0.0579000149	0.0117513772	0.0000000000	0.0553011527	0.0190206587	0.1031258682
NonWhite Female 118	0.8230460000	1.7318654672	0.6312598147	0.1663353953	0.0413075102	0.0045237660	0.0187500889	0.0606307458	0.0957973972	0.0000000000	0.0000000000	0.0000000000	0.0000000000	0.3706622369	0.0095388045	0.0128709985	0.0408167147	0.0654621749	0.0132861920	0.0000000000	0.0625238825	0.0215048940	0.1165948512
NonWhite Female 119	0.8641980000	1.9965573364	0.7277392142	0.1917574777	0.0476207962	0.0052151615	0.0216157826	0.0698973233	0.1104387147	0.0000000000	0.0000000000	0.0000000000	0.0000000000	0.4273128730	0.0109966798	0.0148381539	0.0470549894	0.0754671700	0.0153168041	0.0000000000	0.0720797999	0.0247916220	0.1344147741
