NonWhite Male	 Rate	 Lambda	 Heart Diseases	 Stroke	 COPD	 Motor Accidents	 Other Accidents	 Pneumonia/Influenza	 Diabetes	 AIDS	 Suicide	 Cirrhosis	 Homicide	 Residual	 Esophagus, Mouth, Pharynx	 Stomach	 Colorectal	 Lung	 Ovary	 Prostate	 Breast	 Pancreas	 Other Cancers
NonWhite Male 00	0.0165400000	0.0166783131	0.0005373910	0.0000000000	0.0003070806	0.0019768311	0.0040304324	0.0006525462	0.0000000000	0.0010172044	0.0000000000	0.0000000000	0.0016121730	0.0059880710	0.0000362734	0.0000245099	0.0000511025	0.0001732411	0.0000000000	0.0000895028	0.0000009534	0.0000253313	0.0001556691
NonWhite Male 01	0.0011200000	0.0011206277	0.0000361077	0.0000000000	0.0000206330	0.0001328247	0.0002708076	0.0000438450	0.0000000000	0.0000683467	0.0000000000	0.0000000000	0.0001083230	0.0004023427	0.0000024372	0.0000016468	0.0000034336	0.0000116402	0.0000000000	0.0000060138	0.0000000641	0.0000017020	0.0000104595
NonWhite Male 02	0.0007900000	0.0007903122	0.0000254646	0.0000000000	0.0000145512	0.0000936734	0.0001909845	0.0000309213	0.0000000000	0.0000482009	0.0000000000	0.0000000000	0.0000763938	0.0002837485	0.0000017188	0.0000011614	0.0000024215	0.0000082091	0.0000000000	0.0000042411	0.0000000452	0.0000012003	0.0000073765
NonWhite Male 03	0.0005800000	0.0005801683	0.0000186936	0.0000000000	0.0000106820	0.0000687656	0.0001402018	0.0000226993	0.0000000000	0.0000353843	0.0000000000	0.0000000000	0.0000560807	0.0002082998	0.0000012618	0.0000008526	0.0000017776	0.0000060263	0.0000000000	0.0000031134	0.0000000332	0.0000008812	0.0000054151
NonWhite Male 04	0.0004700000	0.0004701105	0.0000151474	0.0000000000	0.0000086557	0.0000557208	0.0001136055	0.0000183933	0.0000000000	0.0000286719	0.0000000000	0.0000000000	0.0000454422	0.0001687854	0.0000010224	0.0000006909	0.0000014404	0.0000048831	0.0000000000	0.0000025228	0.0000000269	0.0000007140	0.0000043878
NonWhite Male 05	0.0004100000	0.0004100841	0.0000183831	0.0000000000	0.0000144944	0.0000777746	0.0000940365	0.0000056563	0.0000000000	0.0000180296	0.0000098986	0.0000000000	0.0000427760	0.0000982788	0.0000020044	0.0000013544	0.0000028239	0.0000095731	0.0000000000	0.0000049458	0.0000000527	0.0000013998	0.0000086021
NonWhite Male 06	0.0003800000	0.0003800722	0.0000170377	0.0000000000	0.0000134336	0.0000720827	0.0000871545	0.0000052424	0.0000000000	0.0000167101	0.0000091742	0.0000000000	0.0000396455	0.0000910863	0.0000018577	0.0000012553	0.0000026172	0.0000088725	0.0000000000	0.0000045839	0.0000000488	0.0000012973	0.0000079726
NonWhite Male 07	0.0003500000	0.0003500613	0.0000156924	0.0000000000	0.0000123729	0.0000663909	0.0000802727	0.0000048284	0.0000000000	0.0000153906	0.0000084498	0.0000000000	0.0000365150	0.0000838940	0.0000017111	0.0000011562	0.0000024106	0.0000081720	0.0000000000	0.0000042219	0.0000000450	0.0000011949	0.0000073431
NonWhite Male 08	0.0002900000	0.0002900421	0.0000130019	0.0000000000	0.0000102515	0.0000550080	0.0000665096	0.0000040006	0.0000000000	0.0000127518	0.0000070010	0.0000000000	0.0000302544	0.0000695101	0.0000014177	0.0000009579	0.0000019973	0.0000067708	0.0000000000	0.0000034981	0.0000000373	0.0000009900	0.0000060841
NonWhite Male 09	0.0002200000	0.0002200242	0.0000098632	0.0000000000	0.0000077767	0.0000417287	0.0000504538	0.0000030348	0.0000000000	0.0000096735	0.0000053109	0.0000000000	0.0000229508	0.0000527299	0.0000010754	0.0000007267	0.0000015151	0.0000051363	0.0000000000	0.0000026536	0.0000000283	0.0000007510	0.0000046153
NonWhite Male 10	0.0001600000	0.0001600128	0.0000071730	0.0000000000	0.0000056556	0.0000303473	0.0000366926	0.0000022071	0.0000000000	0.0000070350	0.0000038624	0.0000000000	0.0000166910	0.0000383479	0.0000007821	0.0000005285	0.0000011019	0.0000037354	0.0000000000	0.0000019298	0.0000000206	0.0000005462	0.0000033565
NonWhite Male 11	0.0001700000	0.0001700145	0.0000076213	0.0000000000	0.0000060091	0.0000322441	0.0000389861	0.0000023450	0.0000000000	0.0000074748	0.0000041038	0.0000000000	0.0000177343	0.0000407448	0.0000008310	0.0000005615	0.0000011707	0.0000039689	0.0000000000	0.0000020505	0.0000000218	0.0000005803	0.0000035663
NonWhite Male 12	0.0002900000	0.0002900421	0.0000130019	0.0000000000	0.0000102515	0.0000550080	0.0000665096	0.0000040006	0.0000000000	0.0000127518	0.0000070010	0.0000000000	0.0000302544	0.0000695101	0.0000014177	0.0000009579	0.0000019973	0.0000067708	0.0000000000	0.0000034981	0.0000000373	0.0000009900	0.0000060841
NonWhite Male 13	0.0005500000	0.0005501513	0.0000246620	0.0000000000	0.0000194450	0.0001043390	0.0001261554	0.0000075883	0.0000000000	0.0000241877	0.0000132795	0.0000000000	0.0000573865	0.0001318466	0.0000026891	0.0000018170	0.0000037884	0.0000128429	0.0000000000	0.0000066351	0.0000000707	0.0000018779	0.0000115403
NonWhite Male 14	0.0009200000	0.0009204235	0.0000412604	0.0000000000	0.0000325322	0.0001745631	0.0002110626	0.0000126955	0.0000000000	0.0000404669	0.0000222171	0.0000000000	0.0000960097	0.0002205842	0.0000044989	0.0000030399	0.0000063381	0.0000214867	0.0000000000	0.0000111008	0.0000001182	0.0000031418	0.0000193073
NonWhite Male 15	0.0013300000	0.0013308852	0.0000424839	0.0000000000	0.0000128488	0.0002010213	0.0000872474	0.0000064244	0.0000000000	0.0000246614	0.0000955369	0.0000000000	0.0007031600	0.0001237213	0.0000022015	0.0000014875	0.0000031015	0.0000105143	0.0000000000	0.0000054321	0.0000000579	0.0000015374	0.0000094478
NonWhite Male 16	0.0017200000	0.0017214809	0.0000549523	0.0000000000	0.0000166197	0.0002600181	0.0001128532	0.0000083099	0.0000000000	0.0000318991	0.0001235756	0.0000000000	0.0009095274	0.0001600318	0.0000028476	0.0000019241	0.0000040117	0.0000136000	0.0000000000	0.0000070263	0.0000000748	0.0000019886	0.0000122206
NonWhite Male 17	0.0020400000	0.0020420836	0.0000651864	0.0000000000	0.0000197149	0.0003084430	0.0001338706	0.0000098575	0.0000000000	0.0000378399	0.0001465899	0.0000000000	0.0010789146	0.0001898356	0.0000033779	0.0000022825	0.0000047589	0.0000161329	0.0000000000	0.0000083348	0.0000000888	0.0000023589	0.0000144965
NonWhite Male 18	0.0022500000	0.0022525351	0.0000719043	0.0000000000	0.0000217467	0.0003402303	0.0001476670	0.0000108733	0.0000000000	0.0000417396	0.0001616971	0.0000000000	0.0011901046	0.0002093995	0.0000037260	0.0000025177	0.0000052493	0.0000177955	0.0000000000	0.0000091938	0.0000000979	0.0000026020	0.0000159905
NonWhite Male 19	0.0023900000	0.0023928606	0.0000763837	0.0000000000	0.0000231014	0.0003614255	0.0001568661	0.0000115507	0.0000000000	0.0000443398	0.0001717703	0.0000000000	0.0012642442	0.0002224444	0.0000039582	0.0000026745	0.0000055763	0.0000189041	0.0000000000	0.0000097665	0.0000001040	0.0000027641	0.0000169866
NonWhite Male 20	0.0025000000	0.0025031302	0.0000799037	0.0000000000	0.0000241660	0.0003780810	0.0001640950	0.0000120830	0.0000000000	0.0000463831	0.0001796859	0.0000000000	0.0013225040	0.0002326952	0.0000041406	0.0000027978	0.0000058333	0.0000197752	0.0000000000	0.0000102166	0.0000001088	0.0000028915	0.0000177694
NonWhite Male 21	0.0026300000	0.0026334645	0.0000840642	0.0000000000	0.0000254243	0.0003977671	0.0001726391	0.0000127121	0.0000000000	0.0000487982	0.0001890419	0.0000000000	0.0013913649	0.0002448113	0.0000043562	0.0000029434	0.0000061370	0.0000208049	0.0000000000	0.0000107486	0.0000001145	0.0000030421	0.0000186946
NonWhite Male 22	0.0027400000	0.0027437607	0.0000875850	0.0000000000	0.0000264891	0.0004144266	0.0001798697	0.0000132446	0.0000000000	0.0000508420	0.0001969595	0.0000000000	0.0014496387	0.0002550646	0.0000045386	0.0000030667	0.0000063940	0.0000216763	0.0000000000	0.0000111988	0.0000001193	0.0000031695	0.0000194776
NonWhite Male 23	0.0028300000	0.0028340120	0.0000904660	0.0000000000	0.0000273604	0.0004280585	0.0001857862	0.0000136802	0.0000000000	0.0000525144	0.0002034381	0.0000000000	0.0014973221	0.0002634546	0.0000046879	0.0000031676	0.0000066044	0.0000223893	0.0000000000	0.0000115671	0.0000001232	0.0000032737	0.0000201183
NonWhite Male 24	0.0029000000	0.0029042131	0.0000927069	0.0000000000	0.0000280382	0.0004386619	0.0001903883	0.0000140191	0.0000000000	0.0000538152	0.0002084775	0.0000000000	0.0015344122	0.0002699806	0.0000048040	0.0000032461	0.0000067680	0.0000229439	0.0000000000	0.0000118536	0.0000001263	0.0000033548	0.0000206166
NonWhite Male 25	0.0029600000	0.0029643895	0.0003154442	0.0000633508	0.0000000000	0.0001779062	0.0001835030	0.0000488230	0.0000413209	0.0008361831	0.0001071724	0.0000544198	0.0004271417	0.0005035913	0.0000133949	0.0000090509	0.0000188709	0.0000639738	0.0000000000	0.0000330512	0.0000003521	0.0000093542	0.0000574849
NonWhite Male 26	0.0030300000	0.0030345997	0.0003229153	0.0000648513	0.0000000000	0.0001821199	0.0001878492	0.0000499793	0.0000422996	0.0008559878	0.0001097108	0.0000557087	0.0004372583	0.0005155187	0.0000137122	0.0000092653	0.0000193179	0.0000654890	0.0000000000	0.0000338340	0.0000003604	0.0000095758	0.0000588464
NonWhite Male 27	0.0031000000	0.0031048150	0.0003303870	0.0000663518	0.0000000000	0.0001863338	0.0001921957	0.0000511358	0.0000432783	0.0008757938	0.0001122493	0.0000569977	0.0004473757	0.0005274469	0.0000140294	0.0000094796	0.0000197649	0.0000670043	0.0000000000	0.0000346169	0.0000003687	0.0000097973	0.0000602080
NonWhite Male 28	0.0031900000	0.0031950989	0.0003399943	0.0000682812	0.0000000000	0.0001917521	0.0001977845	0.0000526227	0.0000445368	0.0009012607	0.0001155133	0.0000586551	0.0004603848	0.0005427843	0.0000144374	0.0000097553	0.0000203396	0.0000689527	0.0000000000	0.0000356235	0.0000003795	0.0000100822	0.0000619587
NonWhite Male 29	0.0033200000	0.0033255234	0.0003538729	0.0000710685	0.0000000000	0.0001995795	0.0002058581	0.0000547708	0.0000463548	0.0009380504	0.0001202286	0.0000610494	0.0004791778	0.0005649409	0.0000150267	0.0000101535	0.0000211699	0.0000717673	0.0000000000	0.0000370777	0.0000003950	0.0000104938	0.0000644879
NonWhite Male 30	0.0034500000	0.0034559650	0.0003677533	0.0000738561	0.0000000000	0.0002074079	0.0002139328	0.0000569192	0.0000481730	0.0009748448	0.0001249445	0.0000634440	0.0004979733	0.0005871003	0.0000156161	0.0000105518	0.0000220002	0.0000745824	0.0000000000	0.0000385320	0.0000004105	0.0000109054	0.0000670174
NonWhite Male 31	0.0035900000	0.0035964595	0.0003827035	0.0000768585	0.0000000000	0.0002158396	0.0002226297	0.0000592331	0.0000501314	0.0010144749	0.0001300238	0.0000660232	0.0005182173	0.0006109676	0.0000162510	0.0000109807	0.0000228946	0.0000776143	0.0000000000	0.0000400984	0.0000004271	0.0000113487	0.0000697418
NonWhite Male 32	0.0037500000	0.0037570489	0.0003997920	0.0000802904	0.0000000000	0.0002254773	0.0002325706	0.0000618780	0.0000523699	0.0010597733	0.0001358297	0.0000689713	0.0005413567	0.0006382486	0.0000169766	0.0000114711	0.0000239169	0.0000810800	0.0000000000	0.0000418889	0.0000004462	0.0000118555	0.0000728560
NonWhite Male 33	0.0039700000	0.0039779014	0.0004232932	0.0000850102	0.0000000000	0.0002387316	0.0002462419	0.0000655154	0.0000554484	0.0011220705	0.0001438142	0.0000730257	0.0005731796	0.0006757670	0.0000179746	0.0000121454	0.0000253228	0.0000858461	0.0000000000	0.0000443513	0.0000004724	0.0000125524	0.0000771387
NonWhite Male 34	0.0042200000	0.0042289293	0.0004500054	0.0000903748	0.0000000000	0.0002537969	0.0002617812	0.0000696498	0.0000589475	0.0011928795	0.0001528897	0.0000776340	0.0006093504	0.0007184118	0.0000191089	0.0000129118	0.0000269208	0.0000912635	0.0000000000	0.0000471501	0.0000005023	0.0000133445	0.0000820066
NonWhite Male 35	0.0045100000	0.0045202007	0.0004809999	0.0000965995	0.0000000000	0.0002712774	0.0002798116	0.0000744469	0.0000630075	0.0012750402	0.0001634201	0.0000829811	0.0006513200	0.0007678930	0.0000204250	0.0000138011	0.0000287750	0.0000975494	0.0000000000	0.0000503976	0.0000005368	0.0000142636	0.0000876549
NonWhite Male 36	0.0048100000	0.0048216053	0.0005130727	0.0001030407	0.0000000000	0.0002893660	0.0002984693	0.0000794110	0.0000672088	0.0013600591	0.0001743169	0.0000885142	0.0006947497	0.0008190957	0.0000217869	0.0000147214	0.0000306937	0.0001040539	0.0000000000	0.0000537581	0.0000005726	0.0000152147	0.0000934996
NonWhite Male 37	0.0050600000	0.0050728451	0.0005398075	0.0001084098	0.0000000000	0.0003044441	0.0003140216	0.0000835489	0.0000707109	0.0014309279	0.0001834000	0.0000931265	0.0007309511	0.0008617764	0.0000229222	0.0000154885	0.0000322931	0.0001094759	0.0000000000	0.0000565593	0.0000006025	0.0000160075	0.0000983716
NonWhite Male 38	0.0052700000	0.0052839354	0.0005622698	0.0001129209	0.0000000000	0.0003171125	0.0003270886	0.0000870255	0.0000736533	0.0014904714	0.0001910316	0.0000970016	0.0007613673	0.0008976365	0.0000238760	0.0000161330	0.0000336369	0.0001140314	0.0000000000	0.0000589128	0.0000006276	0.0000166736	0.0001024651
NonWhite Male 39	0.0054700000	0.0054850152	0.0005836670	0.0001172181	0.0000000000	0.0003291802	0.0003395360	0.0000903373	0.0000764562	0.0015471912	0.0001983013	0.0001006930	0.0007903410	0.0009317960	0.0000247846	0.0000167469	0.0000349169	0.0001183708	0.0000000000	0.0000611547	0.0000006514	0.0000173081	0.0001063644
NonWhite Male 40	0.0056500000	0.0056660216	0.0006029281	0.0001210863	0.0000000000	0.0003400432	0.0003507407	0.0000933184	0.0000789793	0.0015982487	0.0002048453	0.0001040159	0.0008164224	0.0009625454	0.0000256025	0.0000172995	0.0000360692	0.0001222771	0.0000000000	0.0000631729	0.0000006729	0.0000178793	0.0001098744
NonWhite Male 41	0.0058800000	0.0058973553	0.0006275446	0.0001260301	0.0000000000	0.0003539266	0.0003650608	0.0000971285	0.0000822038	0.0016635024	0.0002132088	0.0001082627	0.0008497555	0.0010018444	0.0000266478	0.0000180059	0.0000375418	0.0001272694	0.0000000000	0.0000657521	0.0000007004	0.0000186093	0.0001143604
NonWhite Male 42	0.0061700000	0.0061891131	0.0006585909	0.0001322651	0.0000000000	0.0003714363	0.0003831214	0.0001019337	0.0000862707	0.0017458003	0.0002237568	0.0001136187	0.0008917952	0.0010514083	0.0000279661	0.0000188967	0.0000393991	0.0001335658	0.0000000000	0.0000690050	0.0000007351	0.0000195299	0.0001200181
NonWhite Male 43	0.0065300000	0.0065514137	0.0006971437	0.0001400077	0.0000000000	0.0003931796	0.0004055487	0.0001079007	0.0000913208	0.0018479966	0.0002368552	0.0001202698	0.0009439994	0.0011129561	0.0000296032	0.0000200028	0.0000417055	0.0001413845	0.0000000000	0.0000730445	0.0000007781	0.0000206732	0.0001270437
NonWhite Male 44	0.0069600000	0.0069843338	0.0007432112	0.0001492595	0.0000000000	0.0004191610	0.0004323475	0.0001150308	0.0000973553	0.0019701129	0.0002525066	0.0001282173	0.0010063793	0.0011865007	0.0000315594	0.0000213246	0.0000444614	0.0001507272	0.0000000000	0.0000778713	0.0000008295	0.0000220393	0.0001354388
NonWhite Male 45	0.0074500000	0.0074778899	0.0021134401	0.0004116639	0.0001519934	0.0001219609	0.0002318356	0.0001523596	0.0002538106	0.0005184255	0.0000000000	0.0001968589	0.0001388084	0.0012282162	0.0001276396	0.0000862458	0.0001798206	0.0006096042	0.0000000000	0.0003149441	0.0000033549	0.0000891361	0.0005477715
NonWhite Male 46	0.0079700000	0.0080019302	0.0022615471	0.0004405128	0.0001626448	0.0001305078	0.0002480824	0.0001630368	0.0002715973	0.0005547561	0.0000000000	0.0002106545	0.0001485359	0.0013142879	0.0001365844	0.0000922897	0.0001924222	0.0006523244	0.0000000000	0.0003370150	0.0000035900	0.0000953826	0.0005861586
NonWhite Male 47	0.0085000000	0.0085363310	0.0024125823	0.0004699320	0.0001735069	0.0001392236	0.0002646503	0.0001739250	0.0002897356	0.0005918049	0.0000000000	0.0002247228	0.0001584557	0.0014020613	0.0001457061	0.0000984532	0.0002052729	0.0006958893	0.0000000000	0.0003595222	0.0000038297	0.0001017527	0.0006253046
NonWhite Male 48	0.0090200000	0.0090609265	0.0025608462	0.0004988114	0.0001841697	0.0001477795	0.0002809142	0.0001846135	0.0003075412	0.0006281739	0.0000000000	0.0002385330	0.0001681935	0.0014882242	0.0001546603	0.0001045036	0.0002178878	0.0007386548	0.0000000000	0.0003816164	0.0000040651	0.0001080058	0.0006637324
NonWhite Male 49	0.0095700000	0.0096160867	0.0027177484	0.0005293734	0.0001954537	0.0001568339	0.0002981258	0.0001959247	0.0003263841	0.0006666620	0.0000000000	0.0002531479	0.0001784987	0.0015794072	0.0001641363	0.0001109065	0.0002312378	0.0007839119	0.0000000000	0.0004049979	0.0000043141	0.0001146233	0.0007043991
NonWhite Male 50	0.0101500000	0.0102018625	0.0028833034	0.0005616208	0.0002073600	0.0001663877	0.0003162865	0.0002078597	0.0003462662	0.0007072725	0.0000000000	0.0002685687	0.0001893722	0.0016756188	0.0001741349	0.0001176625	0.0002453239	0.0008316649	0.0000000000	0.0004296689	0.0000045769	0.0001216057	0.0007473084
NonWhite Male 51	0.0107900000	0.0108486342	0.0030660974	0.0005972261	0.0002205061	0.0001769362	0.0003363382	0.0002210374	0.0003682186	0.0007521118	0.0000000000	0.0002855952	0.0002013779	0.0017818487	0.0001851746	0.0001251220	0.0002608768	0.0008843903	0.0000000000	0.0004569088	0.0000048671	0.0001293152	0.0007946858
NonWhite Male 52	0.0116000000	0.0116678049	0.0032976157	0.0006423222	0.0002371563	0.0001902965	0.0003617348	0.0002377278	0.0003960225	0.0008089030	0.0000000000	0.0003071603	0.0002165837	0.0019163944	0.0001991570	0.0001345699	0.0002805754	0.0009511698	0.0000000000	0.0004914095	0.0000052346	0.0001390797	0.0008546918
NonWhite Male 53	0.0126000000	0.0126800532	0.0035837025	0.0006980473	0.0002577310	0.0002068058	0.0003931174	0.0002583520	0.0004303797	0.0008790800	0.0000000000	0.0003338082	0.0002353736	0.0020826525	0.0002164350	0.0001462446	0.0003049169	0.0010336892	0.0000000000	0.0005340421	0.0000056887	0.0001511456	0.0009288412
NonWhite Male 54	0.0137600000	0.0138555463	0.0039159265	0.0007627591	0.0002816237	0.0002259776	0.0004295610	0.0002823023	0.0004702776	0.0009605743	0.0000000000	0.0003647536	0.0002571937	0.0022757230	0.0002364994	0.0001598020	0.0003331839	0.0011295164	0.0000000000	0.0005835500	0.0000062161	0.0001651575	0.0010149486
NonWhite Male 55	0.0150200000	0.0151339426	0.0042772335	0.0008331359	0.0003076080	0.0002468276	0.0004691948	0.0003083492	0.0005136683	0.0010492027	0.0000000000	0.0003984079	0.0002809239	0.0024856949	0.0002583202	0.0001745463	0.0003639255	0.0012337324	0.0000000000	0.0006373919	0.0000067897	0.0001803959	0.0011085939
NonWhite Male 56	0.0163400000	0.0164749701	0.0046562417	0.0009069605	0.0003348653	0.0002686992	0.0005107705	0.0003356722	0.0005591847	0.0011421731	0.0000000000	0.0004337111	0.0003058168	0.0027059538	0.0002812101	0.0001900130	0.0003961731	0.0013430542	0.0000000000	0.0006938715	0.0000073913	0.0001963809	0.0012068270
NonWhite Male 57	0.0176800000	0.0178381581	0.0050415130	0.0009820051	0.0003625731	0.0002909321	0.0005530331	0.0003634467	0.0006054533	0.0012366799	0.0000000000	0.0004695976	0.0003311209	0.0029298525	0.0003044783	0.0002057352	0.0004289537	0.0014541825	0.0000000000	0.0007512845	0.0000080029	0.0002126300	0.0013066835
NonWhite Male 58	0.0190200000	0.0192032070	0.0054273102	0.0010571522	0.0003903186	0.0003131954	0.0005953535	0.0003912592	0.0006517851	0.0013313158	0.0000000000	0.0005055332	0.0003564597	0.0031540568	0.0003277782	0.0002214789	0.0004617790	0.0015654625	0.0000000000	0.0008087759	0.0000086153	0.0002289013	0.0014066762
NonWhite Male 59	0.0203700000	0.0205803296	0.0058165198	0.0011329639	0.0004183096	0.0003356557	0.0006380482	0.0004193176	0.0006985267	0.0014267886	0.0000000000	0.0005417866	0.0003820225	0.0033802442	0.0003512842	0.0002373619	0.0004948946	0.0016777267	0.0000000000	0.0008667758	0.0000092331	0.0002453166	0.0015075534
NonWhite Male 60	0.0217600000	0.0220002403	0.0062178223	0.0012111311	0.0004471703	0.0003588138	0.0006820694	0.0004482478	0.0007467205	0.0015252279	0.0000000000	0.0005791664	0.0004083796	0.0036134593	0.0003755206	0.0002537383	0.0005290391	0.0017934791	0.0000000000	0.0009265777	0.0000098701	0.0002622418	0.0016115650
NonWhite Male 61	0.0232800000	0.0235552596	0.0066573099	0.0012967362	0.0004787772	0.0003841754	0.0007302794	0.0004799308	0.0007995002	0.0016330339	0.0000000000	0.0006201030	0.0004372447	0.0038688656	0.0004020631	0.0002716731	0.0005664326	0.0019202457	0.0000000000	0.0009920700	0.0000105678	0.0002807776	0.0017254735
NonWhite Male 62	0.0249600000	0.0252767832	0.0071438559	0.0013915075	0.0005137683	0.0004122527	0.0007836515	0.0005150063	0.0008579312	0.0017523833	0.0000000000	0.0006654228	0.0004692005	0.0041516196	0.0004314477	0.0002915281	0.0006078301	0.0020605858	0.0000000000	0.0010645749	0.0000113401	0.0003012981	0.0018515788
NonWhite Male 63	0.0268400000	0.0272067704	0.0076893189	0.0014977549	0.0005529967	0.0004437299	0.0008434865	0.0005543292	0.0009234378	0.0018861851	0.0000000000	0.0007162306	0.0005050259	0.0044686129	0.0004643905	0.0003137875	0.0006542404	0.0022179201	0.0000000000	0.0011458596	0.0000122060	0.0003243034	0.0019929545
NonWhite Male 64	0.0288900000	0.0293155318	0.0082853080	0.0016138439	0.0005958587	0.0004781228	0.0009088640	0.0005972945	0.0009950123	0.0020323808	0.0000000000	0.0007717447	0.0005441698	0.0048149693	0.0005003848	0.0003381088	0.0007049497	0.0023898282	0.0000000000	0.0012346737	0.0000131520	0.0003494398	0.0021474258
NonWhite Male 65	0.0310800000	0.0315732298	0.0102049718	0.0022979806	0.0012427579	0.0001718326	0.0004356382	0.0012369255	0.0010628497	0.0000000000	0.0000000000	0.0000000000	0.0000000000	0.0058306433	0.0005923854	0.0004002733	0.0008345615	0.0028292211	0.0000000000	0.0014616804	0.0000155702	0.0004136876	0.0025422507
NonWhite Male 66	0.0333800000	0.0339498287	0.0109731265	0.0024709555	0.0013363035	0.0001847669	0.0004684299	0.0013300321	0.0011428531	0.0000000000	0.0000000000	0.0000000000	0.0000000000	0.0062695310	0.0006369758	0.0004304029	0.0008973811	0.0030421839	0.0000000000	0.0015717048	0.0000167422	0.0004448270	0.0027336125
NonWhite Male 67	0.0357800000	0.0364357946	0.0117766304	0.0026518905	0.0014341540	0.0001982964	0.0005027305	0.0014274233	0.0012265382	0.0000000000	0.0000000000	0.0000000000	0.0000000000	0.0067286155	0.0006836181	0.0004619191	0.0009630916	0.0032649469	0.0000000000	0.0016867925	0.0000179681	0.0004773993	0.0029337805
NonWhite Male 68	0.0382800000	0.0390319310	0.0126157431	0.0028408439	0.0015363408	0.0002124255	0.0005385512	0.0015291306	0.0013139319	0.0000000000	0.0000000000	0.0000000000	0.0000000000	0.0072080452	0.0007323275	0.0004948319	0.0010317141	0.0034975820	0.0000000000	0.0018069804	0.0000192484	0.0005114151	0.0031428192
NonWhite Male 69	0.0408900000	0.0417495079	0.0134941073	0.0030386361	0.0016433077	0.0002272155	0.0005760476	0.0016355954	0.0014054137	0.0000000000	0.0000000000	0.0000000000	0.0000000000	0.0077099014	0.0007833154	0.0005292843	0.0011035467	0.0037410993	0.0000000000	0.0019327904	0.0000205886	0.0005470221	0.0033616363
NonWhite Male 70	0.0437100000	0.0446940647	0.0144458350	0.0032529485	0.0017592088	0.0002432408	0.0006166757	0.0017509526	0.0015045363	0.0000000000	0.0000000000	0.0000000000	0.0000000000	0.0082536741	0.0008385620	0.0005666143	0.0011813789	0.0040049558	0.0000000000	0.0020691085	0.0000220407	0.0005856031	0.0035987296
NonWhite Male 71	0.0467000000	0.0478256295	0.0154580068	0.0034808718	0.0018824707	0.0002602839	0.0006598841	0.0018736360	0.0016099542	0.0000000000	0.0000000000	0.0000000000	0.0000000000	0.0088319817	0.0008973172	0.0006063150	0.0012641542	0.0042855697	0.0000000000	0.0022140840	0.0000235850	0.0006266344	0.0038508807
NonWhite Male 72	0.0497800000	0.0510617423	0.0165039701	0.0037164044	0.0020098478	0.0002778959	0.0007045351	0.0020004153	0.0017188915	0.0000000000	0.0000000000	0.0000000000	0.0000000000	0.0094295962	0.0009580341	0.0006473412	0.0013496929	0.0045755521	0.0000000000	0.0023638996	0.0000251808	0.0006690355	0.0041114498
NonWhite Male 73	0.0528500000	0.0542978034	0.0175499167	0.0039519332	0.0021372228	0.0002955077	0.0007491853	0.0021271925	0.0018278270	0.0000000000	0.0000000000	0.0000000000	0.0000000000	0.0100272011	0.0010187499	0.0006883668	0.0014352303	0.0048655297	0.0000000000	0.0025137129	0.0000267767	0.0007114359	0.0043720148
NonWhite Male 74	0.0560300000	0.0576608930	0.0186369209	0.0041967075	0.0022695978	0.0003138108	0.0007955882	0.0022589462	0.0019410387	0.0000000000	0.0000000000	0.0000000000	0.0000000000	0.0106482645	0.0010818491	0.0007310028	0.0015241254	0.0051668902	0.0000000000	0.0026694068	0.0000284352	0.0007555008	0.0046428081
NonWhite Male 75	0.0593800000	0.0612160467	0.0197860033	0.0044554607	0.0024095326	0.0003331592	0.0008446412	0.0023982244	0.0020607158	0.0000000000	0.0000000000	0.0000000000	0.0000000000	0.0113047964	0.0011485518	0.0007760736	0.0016180973	0.0054854612	0.0000000000	0.0028339924	0.0000301884	0.0008020821	0.0049290661
NonWhite Male 76	0.0630800000	0.0651573793	0.0210599049	0.0047423210	0.0025646679	0.0003546093	0.0008990226	0.0025526316	0.0021933929	0.0000000000	0.0000000000	0.0000000000	0.0000000000	0.0120326442	0.0012225002	0.0008260403	0.0017222768	0.0058386371	0.0000000000	0.0030164561	0.0000321320	0.0008537233	0.0052464190
NonWhite Male 77	0.0672100000	0.0695751839	0.0224878099	0.0050638601	0.0027385577	0.0003786526	0.0009599782	0.0027257053	0.0023421095	0.0000000000	0.0000000000	0.0000000000	0.0000000000	0.0128484822	0.0013053882	0.0008820476	0.0018390507	0.0062345087	0.0000000000	0.0032209781	0.0000343106	0.0009116075	0.0056021370
NonWhite Male 78	0.0719600000	0.0746804437	0.0241379113	0.0054354340	0.0029395065	0.0004064372	0.0010304191	0.0029257110	0.0025139678	0.0000000000	0.0000000000	0.0000000000	0.0000000000	0.0137912730	0.0014011744	0.0009467701	0.0019739959	0.0066919820	0.0000000000	0.0034573257	0.0000368283	0.0009784991	0.0060132084
NonWhite Male 79	0.0773800000	0.0805378302	0.0260311121	0.0058617496	0.0031700598	0.0004383151	0.0011112376	0.0031551823	0.0027111450	0.0000000000	0.0000000000	0.0000000000	0.0000000000	0.0148729594	0.0015110723	0.0010210278	0.0021288216	0.0072168520	0.0000000000	0.0037284930	0.0000397168	0.0010552454	0.0064848404
NonWhite Male 80	0.0836700000	0.0873787172	0.0282421960	0.0063596469	0.0034393248	0.0004755456	0.0012056261	0.0034231836	0.0029414298	0.0000000000	0.0000000000	0.0000000000	0.0000000000	0.0161362692	0.0016394228	0.0011077540	0.0023096438	0.0078298517	0.0000000000	0.0040451913	0.0000430904	0.0011448780	0.0070356630
NonWhite Male 81	0.0908500000	0.0952451819	0.0307847630	0.0069321883	0.0037489578	0.0005183577	0.0013141653	0.0037313634	0.0032062386	0.0000000000	0.0000000000	0.0000000000	0.0000000000	0.0175889730	0.0017870156	0.0012074820	0.0025175747	0.0085347516	0.0000000000	0.0044093688	0.0000469697	0.0012479482	0.0076690643
NonWhite Male 82	0.0992200000	0.1044942243	0.0337742011	0.0076053573	0.0041130105	0.0005686942	0.0014417809	0.0040937076	0.0035175891	0.0000000000	0.0000000000	0.0000000000	0.0000000000	0.0192969980	0.0019605486	0.0013247378	0.0027620506	0.0093635419	0.0000000000	0.0048375525	0.0000515308	0.0013691336	0.0084137897
NonWhite Male 83	0.1090400000	0.1154557459	0.0373171398	0.0084031650	0.0045444684	0.0006283507	0.0015930248	0.0045231405	0.0038865868	0.0000000000	0.0000000000	0.0000000000	0.0000000000	0.0213212674	0.0021662116	0.0014637038	0.0030517918	0.0103457844	0.0000000000	0.0053450153	0.0000569364	0.0015127567	0.0092964025
NonWhite Male 84	0.1205600000	0.1284699377	0.0415235343	0.0093503712	0.0050567216	0.0006991785	0.0017725909	0.0050329897	0.0043246836	0.0000000000	0.0000000000	0.0000000000	0.0000000000	0.0237246044	0.0024103873	0.0016286928	0.0033957903	0.0115119630	0.0000000000	0.0059475064	0.0000633543	0.0016832749	0.0103442946
NonWhite Male 85	0.1296030000	0.1388058496	0.0448642660	0.0101026453	0.0054635548	0.0007554301	0.0019152028	0.0054379135	0.0046726214	0.0000000000	0.0000000000	0.0000000000	0.0000000000	0.0256333422	0.0026043124	0.0017597275	0.0036689950	0.0124381457	0.0000000000	0.0064260067	0.0000684514	0.0018187010	0.0111765338
NonWhite Male 86	0.1399260000	0.1507368469	0.0487205548	0.0109710139	0.0059331723	0.0008203628	0.0020798232	0.0059053271	0.0050742546	0.0000000000	0.0000000000	0.0000000000	0.0000000000	0.0278366451	0.0028281650	0.0019109841	0.0039843619	0.0135072612	0.0000000000	0.0069783514	0.0000743351	0.0019750267	0.0121372079
NonWhite Male 87	0.1509100000	0.1635900912	0.0528749285	0.0119065059	0.0064390905	0.0008903147	0.0022571685	0.0064088709	0.0055069333	0.0000000000	0.0000000000	0.0000000000	0.0000000000	0.0302102598	0.0030693210	0.0020739326	0.0043241061	0.0146590176	0.0000000000	0.0075733914	0.0000806736	0.0021434361	0.0131721407
NonWhite Male 88	0.1625650000	0.1774116302	0.0573422705	0.0129124729	0.0069831218	0.0009655363	0.0024478741	0.0069503491	0.0059722078	0.0000000000	0.0000000000	0.0000000000	0.0000000000	0.0327626900	0.0033286444	0.0022491568	0.0046894449	0.0158975412	0.0000000000	0.0082132585	0.0000874896	0.0023245325	0.0142850397
NonWhite Male 89	0.1748990000	0.1922494759	0.0621380990	0.0139924093	0.0075671562	0.0010462891	0.0026526024	0.0075316424	0.0064716942	0.0000000000	0.0000000000	0.0000000000	0.0000000000	0.0355028020	0.0036070361	0.0024372654	0.0050816472	0.0172271342	0.0000000000	0.0089001755	0.0000948069	0.0025189451	0.0154797710
NonWhite Male 90	0.1879140000	0.2081490331	0.0672770896	0.0151496199	0.0081929807	0.0011328201	0.0028719799	0.0081545299	0.0070069210	0.0000000000	0.0000000000	0.0000000000	0.0000000000	0.0384389808	0.0039053478	0.0026388339	0.0055019133	0.0186518653	0.0000000000	0.0096362443	0.0001026476	0.0027272688	0.0167599903
NonWhite Male 91	0.2016090000	0.2251568266	0.0727742800	0.0163874906	0.0088624266	0.0012253825	0.0031066485	0.0088208340	0.0075794544	0.0000000000	0.0000000000	0.0000000000	0.0000000000	0.0415798181	0.0042244526	0.0028544522	0.0059514730	0.0201759034	0.0000000000	0.0104236189	0.0001110349	0.0029501130	0.0181294440
NonWhite Male 92	0.2159780000	0.2433181978	0.0786443250	0.0177093218	0.0095772787	0.0013242230	0.0033572338	0.0095323311	0.0081908206	0.0000000000	0.0000000000	0.0000000000	0.0000000000	0.0449336871	0.0045652011	0.0030846951	0.0064315247	0.0218033117	0.0000000000	0.0112643982	0.0001199911	0.0031880721	0.0195917828
NonWhite Male 93	0.2310110000	0.2626786139	0.0849019205	0.0191184224	0.0103393265	0.0014295892	0.0036243632	0.0102908025	0.0088425503	0.0000000000	0.0000000000	0.0000000000	0.0000000000	0.0485089844	0.0049284464	0.0033301390	0.0069432702	0.0235381642	0.0000000000	0.0121606873	0.0001295386	0.0034417416	0.0211506677
NonWhite Male 94	0.2466940000	0.2832837592	0.0915618323	0.0206181177	0.0111503682	0.0015417296	0.0039086670	0.0110980380	0.0095361813	0.0000000000	0.0000000000	0.0000000000	0.0000000000	0.0523141463	0.0053150456	0.0035913632	0.0074879171	0.0253845546	0.0000000000	0.0131146010	0.0001396999	0.0037117201	0.0228097772
NonWhite Male 95	0.2625590000	0.3045691940	0.0984416245	0.0221673262	0.0119881869	0.0016575724	0.0042023572	0.0119319247	0.0102527129	0.0000000000	0.0000000000	0.0000000000	0.0000000000	0.0562449377	0.0057144086	0.0038612118	0.0080505457	0.0272919047	0.0000000000	0.0141000087	0.0001501967	0.0039906121	0.0245236630
NonWhite Male 96	0.2785050000	0.3264298308	0.1055073313	0.0237583993	0.0128486463	0.0017765457	0.0045039839	0.0127883457	0.0109886076	0.0000000000	0.0000000000	0.0000000000	0.0000000000	0.0602819519	0.0061245637	0.0041383526	0.0086283785	0.0292507975	0.0000000000	0.0151120452	0.0001609772	0.0042770407	0.0262838637
NonWhite Male 97	0.2944230000	0.3487393712	0.1127181308	0.0253821448	0.0137267749	0.0018979620	0.0048118045	0.0136623532	0.0117396136	0.0000000000	0.0000000000	0.0000000000	0.0000000000	0.0644018653	0.0065431413	0.0044211844	0.0092180769	0.0312499158	0.0000000000	0.0161448638	0.0001719790	0.0045693510	0.0280802097
NonWhite Male 98	0.3101980000	0.3713506791	0.1200264664	0.0270278537	0.0146167815	0.0020210207	0.0051237887	0.0145481829	0.0125007781	0.0000000000	0.0000000000	0.0000000000	0.0000000000	0.0685775063	0.0069673807	0.0047078419	0.0098157519	0.0332760750	0.0000000000	0.0171916526	0.0001831297	0.0048656152	0.0299008537
NonWhite Male 99	0.3257080000	0.3940920275	0.1273768332	0.0286830273	0.0155119066	0.0021447871	0.0054375673	0.0154391071	0.0132663201	0.0000000000	0.0000000000	0.0000000000	0.0000000000	0.0727771619	0.0073940600	0.0049961481	0.0104168641	0.0353138868	0.0000000000	0.0182444617	0.0001943445	0.0051635833	0.0317319686
NonWhite Male 100	0.3419930000	0.4185397094	0.1352787142	0.0304623922	0.0164741949	0.0022778400	0.0057748893	0.0163968792	0.0140893025	0.0000000000	0.0000000000	0.0000000000	0.0000000000	0.0772919269	0.0078527539	0.0053060864	0.0110630791	0.0375046002	0.0000000000	0.0193762654	0.0002064007	0.0054839086	0.0337004760
NonWhite Male 101	0.3590930000	0.4448709184	0.1437893812	0.0323788451	0.0175106210	0.0024211436	0.0061381996	0.0174284412	0.0149756900	0.0000000000	0.0000000000	0.0000000000	0.0000000000	0.0821545238	0.0083467871	0.0056399034	0.0117590805	0.0398640931	0.0000000000	0.0205952668	0.0002193858	0.0058289128	0.0358206434
NonWhite Male 102	0.3770470000	0.4732842045	0.1529730087	0.0344468368	0.0186290000	0.0025757787	0.0065302379	0.0185415715	0.0159321664	0.0000000000	0.0000000000	0.0000000000	0.0000000000	0.0874016188	0.0088798847	0.0060001162	0.0125101166	0.0424101572	0.0000000000	0.0219106578	0.0002333977	0.0062011973	0.0381084580
NonWhite Male 103	0.3959000000	0.5040155318	0.1629058642	0.0366835416	0.0198386197	0.0027430294	0.0069542598	0.0197455143	0.0169666751	0.0000000000	0.0000000000	0.0000000000	0.0000000000	0.0930767876	0.0094564741	0.0063897162	0.0133224245	0.0451639368	0.0000000000	0.0233333623	0.0002485527	0.0066038539	0.0405829195
NonWhite Male 104	0.4156950000	0.5373321722	0.1736743341	0.0391084120	0.0211500002	0.0029243502	0.0074139532	0.0210507403	0.0180882132	0.0000000000	0.0000000000	0.0000000000	0.0000000000	0.0992293874	0.0100815698	0.0068120919	0.0142030689	0.0481493818	0.0000000000	0.0248757538	0.0002649826	0.0070403846	0.0432655482
NonWhite Male 105	0.4364790000	0.5735506791	0.1853807336	0.0417444877	0.0225756015	0.0031214640	0.0079136856	0.0224696510	0.0193074368	0.0000000000	0.0000000000	0.0000000000	0.0000000000	0.1059178763	0.0107611111	0.0072712563	0.0151604170	0.0513948579	0.0000000000	0.0265524869	0.0002828436	0.0075149369	0.0461818328
NonWhite Male 106	0.4583030000	0.6130484745	0.1981470515	0.0446192384	0.0241302793	0.0033364249	0.0084586647	0.0240170325	0.0206370511	0.0000000000	0.0000000000	0.0000000000	0.0000000000	0.1132119529	0.0115021793	0.0077719942	0.0162044451	0.0549341852	0.0000000000	0.0283810345	0.0003023217	0.0080324560	0.0493621631
NonWhite Male 107	0.4812180000	0.6562715226	0.2121174305	0.0477651226	0.0258315872	0.0035716599	0.0090550437	0.0257103559	0.0220920686	0.0000000000	0.0000000000	0.0000000000	0.0000000000	0.1211939737	0.0123131417	0.0083199595	0.0173469413	0.0588073258	0.0000000000	0.0303820423	0.0003236370	0.0085987852	0.0528424476
NonWhite Male 108	0.5052790000	0.7037613117	0.2274668883	0.0512215511	0.0277008389	0.0038301160	0.0097102941	0.0275708349	0.0236907174	0.0000000000	0.0000000000	0.0000000000	0.0000000000	0.1299639356	0.0132041578	0.0089220169	0.0186022183	0.0630628015	0.0000000000	0.0325805787	0.0003470563	0.0092210192	0.0566662867
NonWhite Male 109	0.5305430000	0.7561785713	0.2444089832	0.0550366136	0.0297640413	0.0041153891	0.0104335322	0.0296243545	0.0254552397	0.0000000000	0.0000000000	0.0000000000	0.0000000000	0.1396438559	0.0141876245	0.0095865429	0.0199877411	0.0677598191	0.0000000000	0.0350072319	0.0003729056	0.0099078154	0.0608868817
NonWhite Male 110	0.5570700000	0.8143435350	0.2632088278	0.0592700086	0.0320534799	0.0044319432	0.0112360754	0.0319030484	0.0274132469	0.0000000000	0.0000000000	0.0000000000	0.0000000000	0.1503852073	0.0152789311	0.0103239360	0.0215251904	0.0729718782	0.0000000000	0.0376999746	0.0004015894	0.0106699207	0.0655702771
NonWhite Male 111	0.5849240000	0.8792936430	0.2842017393	0.0639972439	0.0346099894	0.0047854245	0.0121322381	0.0344475598	0.0295996624	0.0000000000	0.0000000000	0.0000000000	0.0000000000	0.1623795746	0.0164975423	0.0111473487	0.0232419885	0.0787919420	0.0000000000	0.0407068352	0.0004336192	0.0115209283	0.0708000068
NonWhite Male 112	0.6141700000	0.9523584210	0.3078174417	0.0693150856	0.0374859014	0.0051830687	0.0131403647	0.0373099748	0.0320592420	0.0000000000	0.0000000000	0.0000000000	0.0000000000	0.1758724819	0.0178684032	0.0120736360	0.0251732782	0.0853391470	0.0000000000	0.0440893637	0.0004696507	0.0124782581	0.0766831232
NonWhite Male 113	0.6448780000	1.0352938866	0.3346235079	0.0753513412	0.0407503349	0.0056344326	0.0142846842	0.0405590878	0.0348510987	0.0000000000	0.0000000000	0.0000000000	0.0000000000	0.1911882137	0.0194244606	0.0131250601	0.0273654754	0.0927708468	0.0000000000	0.0479288551	0.0005105499	0.0135649185	0.0833610192
NonWhite Male 114	0.6771220000	1.1304807361	0.3653894169	0.0822792840	0.0444969966	0.0061524728	0.0155980447	0.0442881659	0.0380553736	0.0000000000	0.0000000000	0.0000000000	0.0000000000	0.2087664144	0.0212103817	0.0143318026	0.0298815083	0.1013003714	0.0000000000	0.0523355234	0.0005574908	0.0148121024	0.0910253867
NonWhite Male 115	0.7109780000	1.2412524692	0.4011926090	0.0903415345	0.0488570969	0.0067553315	0.0171264408	0.0486278037	0.0417842825	0.0000000000	0.0000000000	0.0000000000	0.0000000000	0.2292226829	0.0232887106	0.0157361243	0.0328094896	0.1112264297	0.0000000000	0.0574636927	0.0006121173	0.0162634869	0.0999446362
NonWhite Male 116	0.7465270000	1.3724979705	0.4436132497	0.0998939183	0.0540230679	0.0074696155	0.0189373281	0.0537695300	0.0462023999	0.0000000000	0.0000000000	0.0000000000	0.0000000000	0.2534598520	0.0257511738	0.0174000046	0.0362786451	0.1229871060	0.0000000000	0.0635396936	0.0006768404	0.0179831286	0.1105124169
NonWhite Male 117	0.7838540000	1.5318011737	0.4951025876	0.1114884135	0.0602934216	0.0083365994	0.0211353474	0.0600104561	0.0515650237	0.0000000000	0.0000000000	0.0000000000	0.0000000000	0.2828784502	0.0287400630	0.0194195897	0.0404894378	0.1372619832	0.0000000000	0.0709146238	0.0007554000	0.0200703958	0.1233393809
NonWhite Male 118	0.8230460000	1.7318654672	0.5597665603	0.1260496053	0.0681681778	0.0094254195	0.0238957764	0.0678482549	0.0582997882	0.0000000000	0.0000000000	0.0000000000	0.0000000000	0.3198244183	0.0324937228	0.0219559283	0.0457776507	0.1551893893	0.0000000000	0.0801765857	0.0008540606	0.0226917344	0.1394483946
NonWhite Male 119	0.8641980000	1.9965573364	0.6453191971	0.1453145576	0.0785867483	0.0108659656	0.0275479179	0.0782179296	0.0672101107	0.0000000000	0.0000000000	0.0000000000	0.0000000000	0.3687051915	0.0374599424	0.0253115907	0.0527741364	0.1789079577	0.0000000000	0.0924304765	0.0009845921	0.0261598546	0.1607611680
