White Male	 Rate	 Lambda	 Heart Diseases	 Stroke	 COPD	 Motor Accidents	 Other Accidents	 Pneumonia/Influenza	 Diabetes	 AIDS	 Suicide	 Cirrhosis	 Homicide	 Residual	 Esophagus, Mouth, Pharynx	 Stomach	 Colorectal	 Lung	 Ovary	 Prostate	 Breast	 Pancreas	 Other Cancers
White Male 00	0.0082400000	0.0082741365	0.0002763951	0.0000000000	0.0000000000	0.0011587335	0.0021048553	0.0001913505	0.0000000000	0.0000744141	0.0000000000	0.0000000000	0.0004323103	0.0033096546	0.0000331779	0.0000184262	0.0000725583	0.0002376496	0.0000000000	0.0000834390	0.0000008695	0.0000336483	0.0002466543
White Male 01	0.0006700000	0.0006702246	0.0000223887	0.0000000000	0.0000000000	0.0000938601	0.0001704982	0.0000154998	0.0000000000	0.0000060277	0.0000000000	0.0000000000	0.0000350182	0.0002680898	0.0000026875	0.0000014926	0.0000058774	0.0000192502	0.0000000000	0.0000067588	0.0000000704	0.0000027256	0.0000199796
White Male 02	0.0004800000	0.0004801152	0.0000160381	0.0000000000	0.0000000000	0.0000672367	0.0001221364	0.0000111033	0.0000000000	0.0000043180	0.0000000000	0.0000000000	0.0000250853	0.0001920461	0.0000019252	0.0000010692	0.0000042103	0.0000137899	0.0000000000	0.0000048416	0.0000000505	0.0000019525	0.0000143124
White Male 03	0.0003600000	0.0003600648	0.0000120279	0.0000000000	0.0000000000	0.0000504245	0.0000915968	0.0000083270	0.0000000000	0.0000032383	0.0000000000	0.0000000000	0.0000188128	0.0001440259	0.0000014438	0.0000008019	0.0000031575	0.0000103418	0.0000000000	0.0000036310	0.0000000378	0.0000014643	0.0000107336
White Male 04	0.0002900000	0.0002900421	0.0000096888	0.0000000000	0.0000000000	0.0000406183	0.0000737837	0.0000067076	0.0000000000	0.0000026085	0.0000000000	0.0000000000	0.0000151542	0.0001160168	0.0000011630	0.0000006459	0.0000025435	0.0000083306	0.0000000000	0.0000029249	0.0000000305	0.0000011795	0.0000086462
White Male 05	0.0002600000	0.0002600338	0.0000084739	0.0000030161	0.0000035188	0.0000658523	0.0000479709	0.0000035906	0.0000000000	0.0000032316	0.0000130699	0.0000000000	0.0000127108	0.0000643442	0.0000015645	0.0000008689	0.0000034215	0.0000112064	0.0000000000	0.0000039346	0.0000000410	0.0000015867	0.0000116310
White Male 06	0.0002400000	0.0002400288	0.0000078220	0.0000027841	0.0000032481	0.0000607861	0.0000442804	0.0000033144	0.0000000000	0.0000029830	0.0000120644	0.0000000000	0.0000117330	0.0000593940	0.0000014441	0.0000008020	0.0000031583	0.0000103443	0.0000000000	0.0000036319	0.0000000378	0.0000014646	0.0000107362
White Male 07	0.0002300000	0.0002300265	0.0000074960	0.0000026681	0.0000031128	0.0000582530	0.0000424351	0.0000031763	0.0000000000	0.0000028587	0.0000115617	0.0000000000	0.0000112440	0.0000569190	0.0000013840	0.0000007686	0.0000030267	0.0000099132	0.0000000000	0.0000034805	0.0000000363	0.0000014036	0.0000102888
White Male 08	0.0002100000	0.0002100221	0.0000068441	0.0000024360	0.0000028421	0.0000531870	0.0000387447	0.0000029001	0.0000000000	0.0000026101	0.0000105562	0.0000000000	0.0000102662	0.0000519690	0.0000012636	0.0000007018	0.0000027635	0.0000090511	0.0000000000	0.0000031779	0.0000000331	0.0000012815	0.0000093941
White Male 09	0.0001800000	0.0001800162	0.0000058663	0.0000020880	0.0000024360	0.0000455882	0.0000332093	0.0000024857	0.0000000000	0.0000022372	0.0000090480	0.0000000000	0.0000087995	0.0000445442	0.0000010831	0.0000006015	0.0000023686	0.0000077580	0.0000000000	0.0000027238	0.0000000284	0.0000010984	0.0000080519
White Male 10	0.0001600000	0.0001600128	0.0000052144	0.0000018560	0.0000021653	0.0000405224	0.0000295191	0.0000022095	0.0000000000	0.0000019886	0.0000080426	0.0000000000	0.0000078217	0.0000395944	0.0000009627	0.0000005347	0.0000021054	0.0000068959	0.0000000000	0.0000024212	0.0000000252	0.0000009764	0.0000071572
White Male 11	0.0001600000	0.0001600128	0.0000052144	0.0000018560	0.0000021653	0.0000405224	0.0000295191	0.0000022095	0.0000000000	0.0000019886	0.0000080426	0.0000000000	0.0000078217	0.0000395944	0.0000009627	0.0000005347	0.0000021054	0.0000068959	0.0000000000	0.0000024212	0.0000000252	0.0000009764	0.0000071572
White Male 12	0.0002300000	0.0002300265	0.0000074960	0.0000026681	0.0000031128	0.0000582530	0.0000424351	0.0000031763	0.0000000000	0.0000028587	0.0000115617	0.0000000000	0.0000112440	0.0000569190	0.0000013840	0.0000007686	0.0000030267	0.0000099132	0.0000000000	0.0000034805	0.0000000363	0.0000014036	0.0000102888
White Male 13	0.0003700000	0.0003700685	0.0000120597	0.0000042924	0.0000050078	0.0000937180	0.0000682700	0.0000051100	0.0000000000	0.0000045990	0.0000186005	0.0000000000	0.0000180895	0.0000915718	0.0000022265	0.0000012366	0.0000048693	0.0000159485	0.0000000000	0.0000055995	0.0000000584	0.0000022581	0.0000165528
White Male 14	0.0005800000	0.0005801683	0.0000189063	0.0000067294	0.0000078509	0.0001469247	0.0001070291	0.0000080112	0.0000000000	0.0000072100	0.0000291606	0.0000000000	0.0000283595	0.0001435600	0.0000034906	0.0000019386	0.0000076338	0.0000250030	0.0000000000	0.0000087786	0.0000000915	0.0000035401	0.0000259503
White Male 15	0.0008000000	0.0008003202	0.0000184664	0.0000036273	0.0000029678	0.0002964986	0.0001017536	0.0000034389	0.0000000000	0.0000057001	0.0001464592	0.0000000000	0.0000985031	0.0000873856	0.0000016223	0.0000009010	0.0000035478	0.0000116202	0.0000000000	0.0000040799	0.0000000425	0.0000016453	0.0000120605
White Male 16	0.0010100000	0.0010105104	0.0000233163	0.0000045800	0.0000037473	0.0003743689	0.0001284774	0.0000043421	0.0000000000	0.0000071971	0.0001849242	0.0000000000	0.0001243733	0.0001103359	0.0000020483	0.0000011376	0.0000044796	0.0000146721	0.0000000000	0.0000051514	0.0000000537	0.0000020774	0.0000152280
White Male 17	0.0011800000	0.0011806967	0.0000272431	0.0000053513	0.0000043784	0.0004374186	0.0001501151	0.0000050733	0.0000000000	0.0000084092	0.0002160684	0.0000000000	0.0001453197	0.0001289183	0.0000023933	0.0000013292	0.0000052341	0.0000171431	0.0000000000	0.0000060190	0.0000000627	0.0000024273	0.0000177927
White Male 18	0.0012700000	0.0012708071	0.0000293223	0.0000057597	0.0000047125	0.0004708023	0.0001615718	0.0000054605	0.0000000000	0.0000090510	0.0002325587	0.0000000000	0.0001564105	0.0001387573	0.0000025760	0.0000014306	0.0000056335	0.0000184515	0.0000000000	0.0000064783	0.0000000675	0.0000026125	0.0000191506
White Male 19	0.0013200000	0.0013208720	0.0000304775	0.0000059866	0.0000048982	0.0004893501	0.0001679371	0.0000056757	0.0000000000	0.0000094076	0.0002417206	0.0000000000	0.0001625724	0.0001442238	0.0000026775	0.0000014870	0.0000058555	0.0000191784	0.0000000000	0.0000067335	0.0000000702	0.0000027154	0.0000199050
White Male 20	0.0013500000	0.0013509121	0.0000311706	0.0000061228	0.0000050096	0.0005004792	0.0001717564	0.0000058047	0.0000000000	0.0000096215	0.0002472179	0.0000000000	0.0001662698	0.0001475038	0.0000027384	0.0000015208	0.0000059886	0.0000196145	0.0000000000	0.0000068867	0.0000000718	0.0000027772	0.0000203577
White Male 21	0.0014000000	0.0014009809	0.0000323259	0.0000063497	0.0000051952	0.0005190284	0.0001781222	0.0000060199	0.0000000000	0.0000099781	0.0002563806	0.0000000000	0.0001724322	0.0001529707	0.0000028398	0.0000015772	0.0000062106	0.0000203415	0.0000000000	0.0000071419	0.0000000744	0.0000028801	0.0000211123
White Male 22	0.0014300000	0.0014310234	0.0000330191	0.0000064859	0.0000053066	0.0005301584	0.0001819419	0.0000061490	0.0000000000	0.0000101921	0.0002618784	0.0000000000	0.0001761298	0.0001562510	0.0000029007	0.0000016110	0.0000063438	0.0000207777	0.0000000000	0.0000072951	0.0000000760	0.0000029419	0.0000215650
White Male 23	0.0014500000	0.0014510523	0.0000334812	0.0000065767	0.0000053809	0.0005375786	0.0001844884	0.0000062350	0.0000000000	0.0000103348	0.0002655437	0.0000000000	0.0001785950	0.0001584379	0.0000029413	0.0000016336	0.0000064326	0.0000210685	0.0000000000	0.0000073972	0.0000000771	0.0000029831	0.0000218668
White Male 24	0.0014700000	0.0014710815	0.0000339434	0.0000066674	0.0000054552	0.0005449989	0.0001870349	0.0000063211	0.0000000000	0.0000104774	0.0002692090	0.0000000000	0.0001810602	0.0001606249	0.0000029819	0.0000016561	0.0000065214	0.0000213593	0.0000000000	0.0000074993	0.0000000781	0.0000030242	0.0000221687
White Male 25	0.0014900000	0.0014911112	0.0001804512	0.0000244169	0.0000000000	0.0001713897	0.0001684376	0.0000160934	0.0000227358	0.0002108340	0.0001831779	0.0000497358	0.0000702370	0.0002306586	0.0000074421	0.0000041332	0.0000162755	0.0000533070	0.0000000000	0.0000187161	0.0000001950	0.0000075476	0.0000553268
White Male 26	0.0015000000	0.0015011261	0.0001816632	0.0000245809	0.0000000000	0.0001725409	0.0001695689	0.0000162015	0.0000228885	0.0002122500	0.0001844082	0.0000500699	0.0000707087	0.0002322078	0.0000074921	0.0000041609	0.0000163848	0.0000536650	0.0000000000	0.0000188418	0.0000001963	0.0000075983	0.0000556984
White Male 27	0.0015300000	0.0015311716	0.0001852993	0.0000250729	0.0000000000	0.0001759943	0.0001729628	0.0000165258	0.0000233466	0.0002164983	0.0001880992	0.0000510720	0.0000721240	0.0002368555	0.0000076420	0.0000042442	0.0000167127	0.0000547391	0.0000000000	0.0000192189	0.0000002003	0.0000077504	0.0000568132
White Male 28	0.0016000000	0.0016012814	0.0001937838	0.0000262209	0.0000000000	0.0001840528	0.0001808825	0.0000172825	0.0000244156	0.0002264114	0.0001967119	0.0000534105	0.0000754264	0.0002477007	0.0000079920	0.0000044385	0.0000174780	0.0000572455	0.0000000000	0.0000200989	0.0000002094	0.0000081053	0.0000594146
White Male 29	0.0016700000	0.0016713960	0.0002022690	0.0000273690	0.0000000000	0.0001921118	0.0001888027	0.0000180392	0.0000254847	0.0002363251	0.0002053253	0.0000557492	0.0000787291	0.0002585467	0.0000083419	0.0000046329	0.0000182433	0.0000597521	0.0000000000	0.0000209790	0.0000002186	0.0000084602	0.0000620161
White Male 30	0.0017700000	0.0017715683	0.0002143916	0.0000290094	0.0000000000	0.0002036257	0.0002001183	0.0000191204	0.0000270121	0.0002504889	0.0002176311	0.0000590904	0.0000834476	0.0002740422	0.0000088418	0.0000049106	0.0000193367	0.0000633332	0.0000000000	0.0000222364	0.0000002317	0.0000089672	0.0000657330
White Male 31	0.0018600000	0.0018617319	0.0002253030	0.0000304858	0.0000000000	0.0002139892	0.0002103033	0.0000200935	0.0000283868	0.0002632375	0.0002287074	0.0000620978	0.0000876946	0.0002879896	0.0000092919	0.0000051605	0.0000203208	0.0000665566	0.0000000000	0.0000233681	0.0000002435	0.0000094236	0.0000690784
White Male 32	0.0019500000	0.0019519037	0.0002362154	0.0000319623	0.0000000000	0.0002243537	0.0002204892	0.0000210667	0.0000297617	0.0002759872	0.0002397847	0.0000651055	0.0000919421	0.0003019382	0.0000097419	0.0000054104	0.0000213050	0.0000697802	0.0000000000	0.0000244999	0.0000002553	0.0000098800	0.0000724242
White Male 33	0.0020400000	0.0020420836	0.0002471288	0.0000334390	0.0000000000	0.0002347190	0.0002306760	0.0000220400	0.0000311368	0.0002887381	0.0002508630	0.0000681134	0.0000961899	0.0003158880	0.0000101920	0.0000056604	0.0000222894	0.0000730041	0.0000000000	0.0000256318	0.0000002671	0.0000103365	0.0000757703
White Male 34	0.0021300000	0.0021322717	0.0002580432	0.0000349159	0.0000000000	0.0002450853	0.0002408638	0.0000230134	0.0000325119	0.0003014901	0.0002619423	0.0000711217	0.0001004381	0.0003298391	0.0000106421	0.0000059104	0.0000232738	0.0000762283	0.0000000000	0.0000267638	0.0000002789	0.0000107930	0.0000791167
White Male 35	0.0022200000	0.0022224679	0.0002689585	0.0000363928	0.0000000000	0.0002554526	0.0002510524	0.0000239869	0.0000338872	0.0003142433	0.0002730226	0.0000741301	0.0001046867	0.0003437915	0.0000110923	0.0000061604	0.0000242583	0.0000794528	0.0000000000	0.0000278959	0.0000002907	0.0000112496	0.0000824633
White Male 36	0.0023300000	0.0023327187	0.0002823009	0.0000381982	0.0000000000	0.0002681249	0.0002635065	0.0000251768	0.0000355682	0.0003298321	0.0002865665	0.0000778075	0.0001098799	0.0003608461	0.0000116425	0.0000064660	0.0000254616	0.0000833943	0.0000000000	0.0000292798	0.0000003051	0.0000118076	0.0000865541
White Male 37	0.0024300000	0.0024329572	0.0002944315	0.0000398396	0.0000000000	0.0002796464	0.0002748295	0.0000262587	0.0000370966	0.0003440052	0.0002988805	0.0000811510	0.0001146015	0.0003763519	0.0000121428	0.0000067438	0.0000265557	0.0000869778	0.0000000000	0.0000305380	0.0000003182	0.0000123150	0.0000902734
White Male 38	0.0025100000	0.0025131553	0.0003041370	0.0000411528	0.0000000000	0.0002888645	0.0002838888	0.0000271242	0.0000383195	0.0003553447	0.0003087325	0.0000838260	0.0001183791	0.0003887577	0.0000125431	0.0000069661	0.0000274311	0.0000898448	0.0000000000	0.0000315446	0.0000003287	0.0000127210	0.0000932491
White Male 39	0.0025900000	0.0025933599	0.0003138431	0.0000424662	0.0000000000	0.0002980832	0.0002929488	0.0000279899	0.0000395424	0.0003666852	0.0003185854	0.0000865012	0.0001221571	0.0004011644	0.0000129434	0.0000071884	0.0000283065	0.0000927121	0.0000000000	0.0000325513	0.0000003392	0.0000131269	0.0000962251
White Male 40	0.0026800000	0.0026835976	0.0003247635	0.0000439438	0.0000000000	0.0003084553	0.0003031422	0.0000289638	0.0000409183	0.0003794442	0.0003296708	0.0000895111	0.0001264076	0.0004151232	0.0000133938	0.0000074386	0.0000292915	0.0000959381	0.0000000000	0.0000336839	0.0000003510	0.0000135837	0.0000995733
White Male 41	0.0028000000	0.0028039273	0.0003393256	0.0000459142	0.0000000000	0.0003222861	0.0003167347	0.0000302625	0.0000427530	0.0003964581	0.0003444529	0.0000935246	0.0001320756	0.0004337369	0.0000139943	0.0000077721	0.0000306049	0.0001002399	0.0000000000	0.0000351943	0.0000003668	0.0000141928	0.0001040380
White Male 42	0.0029600000	0.0029643895	0.0003587444	0.0000485418	0.0000000000	0.0003407297	0.0003348607	0.0000319944	0.0000451997	0.0004191465	0.0003641651	0.0000988768	0.0001396340	0.0004585586	0.0000147952	0.0000082169	0.0000323563	0.0001059764	0.0000000000	0.0000372084	0.0000003877	0.0000150050	0.0001099919
White Male 43	0.0031800000	0.0031850669	0.0003854503	0.0000521553	0.0000000000	0.0003660946	0.0003597887	0.0000343761	0.0000485645	0.0004503489	0.0003912746	0.0001062375	0.0001500287	0.0004926950	0.0000158966	0.0000088286	0.0000347650	0.0001138656	0.0000000000	0.0000399783	0.0000004166	0.0000161220	0.0001181800
White Male 44	0.0034300000	0.0034358959	0.0004158052	0.0000562627	0.0000000000	0.0003949251	0.0003881226	0.0000370833	0.0000523890	0.0004858146	0.0004220881	0.0001146039	0.0001618437	0.0005314955	0.0000171485	0.0000095238	0.0000375028	0.0001228327	0.0000000000	0.0000431266	0.0000004494	0.0000173916	0.0001274868
White Male 45	0.0037400000	0.0037470113	0.0011827494	0.0001193504	0.0001166718	0.0000871866	0.0001060579	0.0000510754	0.0001046683	0.0000790702	0.0001129056	0.0001298032	0.0000000000	0.0004938361	0.0000531467	0.0000295164	0.0001162291	0.0003806842	0.0000000000	0.0001336585	0.0000013928	0.0000539003	0.0003951085
White Male 46	0.0040700000	0.0040783050	0.0012873228	0.0001299028	0.0001269874	0.0000948953	0.0001154351	0.0000555912	0.0001139226	0.0000860612	0.0001228882	0.0001412798	0.0000000000	0.0005374988	0.0000578457	0.0000321261	0.0001265056	0.0004143425	0.0000000000	0.0001454760	0.0000015160	0.0000586659	0.0004300422
White Male 47	0.0044100000	0.0044197527	0.0013951012	0.0001407787	0.0001376191	0.0001028402	0.0001250997	0.0000602455	0.0001234605	0.0000932665	0.0001331767	0.0001531081	0.0000000000	0.0005824998	0.0000626887	0.0000348158	0.0001370970	0.0004490325	0.0000000000	0.0001576556	0.0000016429	0.0000635776	0.0004660465
White Male 48	0.0047600000	0.0047713649	0.0015060881	0.0001519783	0.0001485674	0.0001110216	0.0001350519	0.0000650383	0.0001332824	0.0001006863	0.0001437716	0.0001652886	0.0000000000	0.0006288404	0.0000676758	0.0000375855	0.0001480037	0.0004847552	0.0000000000	0.0001701979	0.0000017736	0.0000686355	0.0005031227
White Male 49	0.0051100000	0.0051231007	0.0016171140	0.0001631819	0.0001595195	0.0001192059	0.0001450077	0.0000698328	0.0001431077	0.0001081087	0.0001543701	0.0001774733	0.0000000000	0.0006751973	0.0000726648	0.0000403563	0.0001589143	0.0005204904	0.0000000000	0.0001827446	0.0000019043	0.0000736952	0.0005402120
White Male 50	0.0055100000	0.0055252360	0.0017440486	0.0001759907	0.0001720409	0.0001285629	0.0001563900	0.0000753143	0.0001543408	0.0001165946	0.0001664874	0.0001914040	0.0000000000	0.0007281966	0.0000783686	0.0000435240	0.0001713882	0.0005613460	0.0000000000	0.0001970890	0.0000020538	0.0000794799	0.0005826157
White Male 51	0.0059700000	0.0059878917	0.0018900865	0.0001907273	0.0001864467	0.0001393281	0.0001694853	0.0000816207	0.0001672646	0.0001263577	0.0001804282	0.0002074313	0.0000000000	0.0007891721	0.0000849308	0.0000471685	0.0001857394	0.0006083503	0.0000000000	0.0002135923	0.0000022258	0.0000861351	0.0006314010
White Male 52	0.0065300000	0.0065514137	0.0020679631	0.0002086767	0.0002039933	0.0001524404	0.0001854356	0.0000893021	0.0001830059	0.0001382492	0.0001974083	0.0002269527	0.0000000000	0.0008634413	0.0000929236	0.0000516076	0.0002032193	0.0006656023	0.0000000000	0.0002336935	0.0000024353	0.0000942413	0.0006908223
White Male 53	0.0072400000	0.0072663360	0.0022936293	0.0002314485	0.0002262540	0.0001690754	0.0002056713	0.0000990472	0.0002029764	0.0001533356	0.0002189505	0.0002517188	0.0000000000	0.0009576642	0.0001030639	0.0000572392	0.0002253956	0.0007382361	0.0000000000	0.0002591953	0.0000027010	0.0001045254	0.0007662082
White Male 54	0.0080400000	0.0080724951	0.0025480945	0.0002571265	0.0002513556	0.0001878333	0.0002284894	0.0001100359	0.0002254955	0.0001703474	0.0002432418	0.0002796456	0.0000000000	0.0010639117	0.0001144983	0.0000635896	0.0002504020	0.0008201392	0.0000000000	0.0002879515	0.0000030007	0.0001161219	0.0008512147
White Male 55	0.0089400000	0.0089802016	0.0028346134	0.0002860389	0.0002796192	0.0002089541	0.0002541817	0.0001224088	0.0002508512	0.0001895020	0.0002705930	0.0003110902	0.0000000000	0.0011835426	0.0001273729	0.0000707399	0.0002785583	0.0009123593	0.0000000000	0.0003203300	0.0000033381	0.0001291792	0.0009469290
White Male 56	0.0098900000	0.0099392309	0.0031373324	0.0003165860	0.0003094807	0.0002312691	0.0002813267	0.0001354813	0.0002776405	0.0002097396	0.0002994906	0.0003443127	0.0000000000	0.0013099375	0.0001409756	0.0000782945	0.0003083066	0.0010097935	0.0000000000	0.0003545393	0.0000036946	0.0001429747	0.0010480551
White Male 57	0.0109300000	0.0109901713	0.0034690632	0.0003500608	0.0003422042	0.0002557228	0.0003110732	0.0001498066	0.0003069973	0.0002319167	0.0003311577	0.0003807191	0.0000000000	0.0014484458	0.0001558818	0.0000865730	0.0003409059	0.0011165657	0.0000000000	0.0003920270	0.0000040852	0.0001580923	0.0011588728
White Male 58	0.0120900000	0.0121636785	0.0038394824	0.0003874395	0.0003787440	0.0002830283	0.0003442890	0.0001658027	0.0003397778	0.0002566803	0.0003665180	0.0004213715	0.0000000000	0.0016031078	0.0001725266	0.0000958171	0.0003773071	0.0012357902	0.0000000000	0.0004338869	0.0000045214	0.0001749731	0.0012826148
White Male 59	0.0133400000	0.0134297771	0.0042391282	0.0004277675	0.0004181669	0.0003124883	0.0003801255	0.0001830608	0.0003751447	0.0002833978	0.0004046683	0.0004652314	0.0000000000	0.0017699728	0.0001904846	0.0001057906	0.0004165804	0.0013644217	0.0000000000	0.0004790495	0.0000049921	0.0001931858	0.0014161202
White Male 60	0.0146800000	0.0147888175	0.0046681113	0.0004710559	0.0004604837	0.0003441108	0.0004185927	0.0002015858	0.0004131079	0.0003120765	0.0004456192	0.0005123110	0.0000000000	0.0019490871	0.0002097609	0.0001164962	0.0004587367	0.0015024957	0.0000000000	0.0005275274	0.0000054972	0.0002127354	0.0015594260
White Male 61	0.0161300000	0.0162615045	0.0051329670	0.0005179641	0.0005063392	0.0003783778	0.0004602766	0.0002216600	0.0004542456	0.0003431534	0.0004899944	0.0005633275	0.0000000000	0.0021431794	0.0002306491	0.0001280970	0.0005044182	0.0016521160	0.0000000000	0.0005800592	0.0000060447	0.0002339199	0.0017147154
White Male 62	0.0176400000	0.0177974390	0.0056177869	0.0005668870	0.0005541641	0.0004141164	0.0005037507	0.0002425963	0.0004971501	0.0003755650	0.0005362755	0.0006165350	0.0000000000	0.0023456073	0.0002524344	0.0001401960	0.0005520616	0.0018081619	0.0000000000	0.0006348470	0.0000066156	0.0002560141	0.0018766740
White Male 63	0.0192300000	0.0194173015	0.0061290988	0.0006184831	0.0006046022	0.0004518079	0.0005496004	0.0002646765	0.0005423991	0.0004097477	0.0005850854	0.0006726500	0.0000000000	0.0025590965	0.0002754102	0.0001529562	0.0006023083	0.0019727347	0.0000000000	0.0006926286	0.0000072177	0.0002793156	0.0020474825
White Male 64	0.0209200000	0.0211419238	0.0066734783	0.0006734161	0.0006583023	0.0004919369	0.0005984153	0.0002881848	0.0005905743	0.0004461410	0.0006370521	0.0007323940	0.0000000000	0.0027863925	0.0002998718	0.0001665416	0.0006558047	0.0021479507	0.0000000000	0.0007541471	0.0000078588	0.0003041241	0.0022293375
White Male 65	0.0227000000	0.0229616116	0.0081584812	0.0014993541	0.0014292961	0.0001272470	0.0003173624	0.0009596379	0.0005404714	0.0000000000	0.0000000000	0.0000000000	0.0000000000	0.0041272537	0.0002650175	0.0001471844	0.0005795801	0.0018982930	0.0000000000	0.0006664921	0.0000069454	0.0002687756	0.0019702202
White Male 66	0.0246400000	0.0249486454	0.0088644934	0.0016291040	0.0015529834	0.0001382586	0.0003448260	0.0010426822	0.0005872422	0.0000000000	0.0000000000	0.0000000000	0.0000000000	0.0044844147	0.0002879514	0.0001599213	0.0006297353	0.0020625659	0.0000000000	0.0007241685	0.0000075464	0.0002920347	0.0021407175
White Male 67	0.0267500000	0.0271142925	0.0096339686	0.0017705171	0.0016877888	0.0001502600	0.0003747584	0.0011331914	0.0006382173	0.0000000000	0.0000000000	0.0000000000	0.0000000000	0.0048736807	0.0003129467	0.0001738031	0.0006843990	0.0022416053	0.0000000000	0.0007870293	0.0000082014	0.0003173845	0.0023265408
White Male 68	0.0291100000	0.0295421024	0.0104965928	0.0019290490	0.0018389132	0.0001637143	0.0004083142	0.0012346572	0.0006953632	0.0000000000	0.0000000000	0.0000000000	0.0000000000	0.0053100694	0.0003409679	0.0001893654	0.0007456799	0.0024423183	0.0000000000	0.0008574998	0.0000089358	0.0003458031	0.0025348589
White Male 69	0.0317100000	0.0322236498	0.0114493723	0.0021041494	0.0020058320	0.0001785747	0.0004453770	0.0013467275	0.0007584816	0.0000000000	0.0000000000	0.0000000000	0.0000000000	0.0057920663	0.0003719177	0.0002065542	0.0008133656	0.0026640085	0.0000000000	0.0009353354	0.0000097469	0.0003771917	0.0027649490
White Male 70	0.0345100000	0.0351195345	0.0124783080	0.0022932458	0.0021860927	0.0001946229	0.0004854023	0.0014677556	0.0008266450	0.0000000000	0.0000000000	0.0000000000	0.0000000000	0.0063125895	0.0004053413	0.0002251169	0.0008864614	0.0029034184	0.0000000000	0.0010193924	0.0000106228	0.0004110893	0.0030134302
White Male 71	0.0375000000	0.0382212128	0.0135803641	0.0024957801	0.0023791635	0.0002118115	0.0005282719	0.0015973845	0.0008996525	0.0000000000	0.0000000000	0.0000000000	0.0000000000	0.0068701032	0.0004411402	0.0002449987	0.0009647516	0.0031598418	0.0000000000	0.0011094228	0.0000115610	0.0004473958	0.0032795696
White Male 72	0.0407200000	0.0415722759	0.0147710290	0.0027145988	0.0025877578	0.0002303822	0.0005745884	0.0017374360	0.0009785299	0.0000000000	0.0000000000	0.0000000000	0.0000000000	0.0074724428	0.0004798174	0.0002664791	0.0010493367	0.0034368824	0.0000000000	0.0012066920	0.0000125746	0.0004866214	0.0035671075
White Male 73	0.0442200000	0.0452275179	0.0160697716	0.0029532799	0.0028152864	0.0002506385	0.0006251091	0.0018902000	0.0010645672	0.0000000000	0.0000000000	0.0000000000	0.0000000000	0.0081294572	0.0005220053	0.0002899092	0.0011415996	0.0037390702	0.0000000000	0.0013127904	0.0000136803	0.0005294076	0.0038807453
White Male 74	0.0480100000	0.0492007484	0.0174814986	0.0032127251	0.0030626089	0.0002726571	0.0006800248	0.0020562538	0.0011580892	0.0000000000	0.0000000000	0.0000000000	0.0000000000	0.0088436288	0.0005678634	0.0003153777	0.0012418890	0.0040675470	0.0000000000	0.0014281188	0.0000148821	0.0005759160	0.0042216682
White Male 75	0.0521400000	0.0535484670	0.0190262847	0.0034966237	0.0033332422	0.0002967510	0.0007401165	0.0022379586	0.0012604260	0.0000000000	0.0000000000	0.0000000000	0.0000000000	0.0096251130	0.0006180437	0.0003432467	0.0013516309	0.0044269836	0.0000000000	0.0015543173	0.0000161972	0.0006268079	0.0045947240
White Male 76	0.0566100000	0.0582755081	0.0207058478	0.0038052914	0.0036274873	0.0003229469	0.0008054510	0.0024355165	0.0013716913	0.0000000000	0.0000000000	0.0000000000	0.0000000000	0.0104747789	0.0006726021	0.0003735471	0.0014709474	0.0048177797	0.0000000000	0.0016915261	0.0000176270	0.0006821400	0.0050003276
White Male 77	0.0615200000	0.0634937338	0.0225599335	0.0041460327	0.0039523072	0.0003518649	0.0008775743	0.0026536025	0.0014945181	0.0000000000	0.0000000000	0.0000000000	0.0000000000	0.0114127331	0.0007328296	0.0004069960	0.0016026620	0.0052491833	0.0000000000	0.0018429922	0.0000192054	0.0007432216	0.0054480773
White Male 78	0.0669200000	0.0692643369	0.0246102843	0.0045228432	0.0043115111	0.0003838440	0.0009573323	0.0028947742	0.0016303468	0.0000000000	0.0000000000	0.0000000000	0.0000000000	0.0124499749	0.0007994326	0.0004439857	0.0017483193	0.0057262532	0.0000000000	0.0020104918	0.0000209508	0.0008107690	0.0059432236
White Male 79	0.0728800000	0.0756722720	0.0268870851	0.0049412705	0.0047103872	0.0004193550	0.0010458992	0.0031625819	0.0017811770	0.0000000000	0.0000000000	0.0000000000	0.0000000000	0.0136017744	0.0008733914	0.0004850607	0.0019100636	0.0062560130	0.0000000000	0.0021964909	0.0000228891	0.0008857766	0.0064930562
White Male 80	0.0795000000	0.0828382783	0.0294332360	0.0054091985	0.0051564510	0.0004590671	0.0011449437	0.0034620718	0.0019498508	0.0000000000	0.0000000000	0.0000000000	0.0000000000	0.0148898341	0.0009560998	0.0005309949	0.0020909427	0.0068484444	0.0000000000	0.0024044940	0.0000250566	0.0009696578	0.0071079351
White Male 81	0.0869200000	0.0909317790	0.0323089346	0.0059376903	0.0056602488	0.0005039191	0.0012568074	0.0038003246	0.0021403559	0.0000000000	0.0000000000	0.0000000000	0.0000000000	0.0163446070	0.0010495130	0.0005828744	0.0022952329	0.0075175540	0.0000000000	0.0026394189	0.0000275047	0.0010643957	0.0078023976
White Male 82	0.0953200000	0.1001739890	0.0355927806	0.0065411909	0.0062355505	0.0005551369	0.0013845480	0.0041865856	0.0023578994	0.0000000000	0.0000000000	0.0000000000	0.0000000000	0.0180058556	0.0011561844	0.0006421172	0.0025285179	0.0082816303	0.0000000000	0.0029076866	0.0000303003	0.0011725798	0.0085954251
White Male 83	0.1048900000	0.1108086632	0.0393713825	0.0072356170	0.0068975292	0.0006140713	0.0015315344	0.0046310420	0.0026082188	0.0000000000	0.0000000000	0.0000000000	0.0000000000	0.0199173939	0.0012789273	0.0007102856	0.0027969505	0.0091608250	0.0000000000	0.0032163725	0.0000335170	0.0012970633	0.0095079329
White Male 84	0.1159900000	0.1232869042	0.0438050214	0.0080504249	0.0076742648	0.0006832223	0.0017040016	0.0051525469	0.0029019322	0.0000000000	0.0000000000	0.0000000000	0.0000000000	0.0221603055	0.0014229482	0.0007902714	0.0031119170	0.0101924319	0.0000000000	0.0035785705	0.0000372914	0.0014431265	0.0105786278
White Male 85	0.1296030000	0.1388058496	0.0493190517	0.0090637856	0.0086402757	0.0007692241	0.0019184957	0.0058011323	0.0032672177	0.0000000000	0.0000000000	0.0000000000	0.0000000000	0.0249497710	0.0016020642	0.0008897481	0.0035036348	0.0114754213	0.0000000000	0.0040290291	0.0000419855	0.0016247824	0.0119102303
White Male 86	0.1399260000	0.1507368469	0.0535582497	0.0098428594	0.0093829469	0.0008353424	0.0020833991	0.0062997662	0.0035480500	0.0000000000	0.0000000000	0.0000000000	0.0000000000	0.0270943179	0.0017397690	0.0009662260	0.0038047882	0.0124617862	0.0000000000	0.0043753425	0.0000455944	0.0017644399	0.0129339691
White Male 87	0.1509100000	0.1635900912	0.0581251309	0.0106821543	0.0101830254	0.0009065716	0.0022610494	0.0068369436	0.0038505902	0.0000000000	0.0000000000	0.0000000000	0.0000000000	0.0294046348	0.0018881181	0.0010486156	0.0041292203	0.0135243955	0.0000000000	0.0047484255	0.0000494822	0.0019148927	0.0140368412
White Male 88	0.1625650000	0.1774116302	0.0630360565	0.0115846773	0.0110433775	0.0009831668	0.0024520828	0.0074145892	0.0041759222	0.0000000000	0.0000000000	0.0000000000	0.0000000000	0.0318889987	0.0020476430	0.0011372119	0.0044780934	0.0146670562	0.0000000000	0.0051496145	0.0000536629	0.0020766798	0.0152227978
White Male 89	0.1748990000	0.1922494759	0.0683080856	0.0125535633	0.0119669919	0.0010653940	0.0026571631	0.0080347093	0.0045251760	0.0000000000	0.0000000000	0.0000000000	0.0000000000	0.0345560394	0.0022188979	0.0012323228	0.0048526194	0.0158937374	0.0000000000	0.0055803032	0.0000581510	0.0022503632	0.0164959585
White Male 90	0.1879140000	0.2081490331	0.0739573510	0.0135917773	0.0129566948	0.0011535050	0.0028769178	0.0086992017	0.0048994204	0.0000000000	0.0000000000	0.0000000000	0.0000000000	0.0374139183	0.0024024068	0.0013342392	0.0052539443	0.0172081930	0.0000000000	0.0060418095	0.0000629602	0.0024364743	0.0178602194
White Male 91	0.2016090000	0.2251568266	0.0800003834	0.0147023573	0.0140153824	0.0012477576	0.0031119898	0.0094100108	0.0052997506	0.0000000000	0.0000000000	0.0000000000	0.0000000000	0.0404709980	0.0025987067	0.0014432595	0.0056832424	0.0186142691	0.0000000000	0.0065354839	0.0000681047	0.0026355579	0.0193195724
White Male 92	0.2159780000	0.2433181978	0.0864532930	0.0158882639	0.0151458769	0.0013484029	0.0033630060	0.0101690316	0.0057272337	0.0000000000	0.0000000000	0.0000000000	0.0000000000	0.0437354286	0.0028083210	0.0015596742	0.0061416584	0.0201157144	0.0000000000	0.0070626425	0.0000735981	0.0028481446	0.0208779081
White Male 93	0.2310110000	0.2626786139	0.0933322348	0.0171524661	0.0163510086	0.0014556931	0.0036305947	0.0109781642	0.0061829399	0.0000000000	0.0000000000	0.0000000000	0.0000000000	0.0472153824	0.0030317743	0.0016837749	0.0066303397	0.0217162876	0.0000000000	0.0076246049	0.0000794541	0.0030747666	0.0225391278
White Male 94	0.2466940000	0.2832837592	0.1006534409	0.0184979470	0.0176336213	0.0015698812	0.0039153873	0.0118393179	0.0066679447	0.0000000000	0.0000000000	0.0000000000	0.0000000000	0.0509190711	0.0032695940	0.0018158542	0.0071504396	0.0234197657	0.0000000000	0.0082226974	0.0000856867	0.0033159588	0.0243071515
White Male 95	0.2625590000	0.3045691940	0.1082163603	0.0198878496	0.0189585800	0.0016878392	0.0042095825	0.0127289031	0.0071689621	0.0000000000	0.0000000000	0.0000000000	0.0000000000	0.0547450390	0.0035152655	0.0019522943	0.0076877108	0.0251794850	0.0000000000	0.0088405362	0.0000921251	0.0035651140	0.0261335474
White Male 96	0.2785050000	0.3264298308	0.1159836546	0.0213153120	0.0203193435	0.0018089849	0.0045117278	0.0136425277	0.0076835187	0.0000000000	0.0000000000	0.0000000000	0.0000000000	0.0586743971	0.0037675758	0.0020924214	0.0082395009	0.0269867577	0.0000000000	0.0094750709	0.0000987374	0.0038210022	0.0280092984
White Male 97	0.2944230000	0.3487393712	0.1239104486	0.0227720869	0.0217080499	0.0019326183	0.0048200776	0.0145749135	0.0082086415	0.0000000000	0.0000000000	0.0000000000	0.0000000000	0.0626844437	0.0040250672	0.0022354259	0.0088026218	0.0288311423	0.0000000000	0.0101226358	0.0001054855	0.0040821450	0.0299235676
White Male 98	0.3101980000	0.3713506791	0.1319444635	0.0242485668	0.0231155406	0.0020579240	0.0051325983	0.0155199110	0.0087408674	0.0000000000	0.0000000000	0.0000000000	0.0000000000	0.0667487317	0.0042860416	0.0023803648	0.0093733598	0.0307004748	0.0000000000	0.0107789598	0.0001123249	0.0043468201	0.0318637300
White Male 99	0.3257080000	0.3940920275	0.1400246830	0.0257335382	0.0245311259	0.0021839503	0.0054469163	0.0164703434	0.0092761542	0.0000000000	0.0000000000	0.0000000000	0.0000000000	0.0708363940	0.0045485168	0.0025261373	0.0099473801	0.0325805580	0.0000000000	0.0114390585	0.0001192036	0.0046130174	0.0338150505
White Male 100	0.3419930000	0.4185397094	0.1487111793	0.0273299301	0.0260529257	0.0023194327	0.0057848183	0.0174920888	0.0098516047	0.0000000000	0.0000000000	0.0000000000	0.0000000000	0.0752307626	0.0048306862	0.0026828474	0.0105644704	0.0346017081	0.0000000000	0.0121486858	0.0001265985	0.0048991881	0.0359127828
White Male 101	0.3590930000	0.4448709184	0.1580669108	0.0290493132	0.0276919697	0.0024653530	0.0061487533	0.0185925527	0.0104713898	0.0000000000	0.0000000000	0.0000000000	0.0000000000	0.0799636873	0.0051345947	0.0028516310	0.0112291034	0.0367785740	0.0000000000	0.0129129850	0.0001345631	0.0052074063	0.0381721312
White Male 102	0.3770470000	0.4732842045	0.1681624243	0.0309046524	0.0294606173	0.0026228117	0.0065414656	0.0197800332	0.0111401829	0.0000000000	0.0000000000	0.0000000000	0.0000000000	0.0850708566	0.0054625341	0.0030337607	0.0119462906	0.0391275703	0.0000000000	0.0137377194	0.0001431574	0.0055399960	0.0406101320
White Male 103	0.3959000000	0.5040155318	0.1790815601	0.0329113558	0.0313735564	0.0027931163	0.0069662166	0.0210643918	0.0118635381	0.0000000000	0.0000000000	0.0000000000	0.0000000000	0.0905946842	0.0058172278	0.0032307491	0.0127219881	0.0416682047	0.0000000000	0.0146297381	0.0001524529	0.0058997195	0.0432470323
White Male 104	0.4156950000	0.5373321722	0.1909192824	0.0350868756	0.0334474241	0.0029777480	0.0074267002	0.0224567989	0.0126477466	0.0000000000	0.0000000000	0.0000000000	0.0000000000	0.0965832110	0.0062017606	0.0034443093	0.0135629421	0.0444225734	0.0000000000	0.0155967990	0.0001625304	0.0062897052	0.0461057653
White Male 105	0.4364790000	0.5735506791	0.2037880659	0.0374518824	0.0357019248	0.0031784611	0.0079272919	0.0239704840	0.0135002593	0.0000000000	0.0000000000	0.0000000000	0.0000000000	0.1030933362	0.0066197860	0.0036764707	0.0144771429	0.0474168465	0.0000000000	0.0166480905	0.0001734857	0.0067136584	0.0492134928
White Male 106	0.4583030000	0.6130484745	0.2178220120	0.0400310212	0.0381605520	0.0033973471	0.0084732080	0.0256212209	0.0144299600	0.0000000000	0.0000000000	0.0000000000	0.0000000000	0.1101928997	0.0070756602	0.0039296523	0.0154741171	0.0506822265	0.0000000000	0.0177945679	0.0001854328	0.0071759972	0.0526025996
White Male 107	0.4812180000	0.6562715226	0.2331795762	0.0428534126	0.0408510658	0.0036368774	0.0090706124	0.0274276478	0.0154473458	0.0000000000	0.0000000000	0.0000000000	0.0000000000	0.1179620619	0.0075745304	0.0042067128	0.0165651214	0.0542555823	0.0000000000	0.0190491758	0.0001985068	0.0076819416	0.0563113515
White Male 108	0.5052790000	0.7037613117	0.2500531544	0.0459544150	0.0438071723	0.0039000528	0.0097269893	0.0294123953	0.0165651624	0.0000000000	0.0000000000	0.0000000000	0.0000000000	0.1264981529	0.0081226463	0.0045111233	0.0177638236	0.0581816801	0.0000000000	0.0204276317	0.0002128714	0.0082378301	0.0603862109
White Male 109	0.5305430000	0.7561785713	0.2686775103	0.0493771727	0.0470700000	0.0041905349	0.0104514709	0.0316030771	0.0177989620	0.0000000000	0.0000000000	0.0000000000	0.0000000000	0.1359199361	0.0087276339	0.0048471189	0.0190869014	0.0625151440	0.0000000000	0.0219491141	0.0002287264	0.0088513968	0.0648838717
White Male 110	0.5570700000	0.8143435350	0.2893440806	0.0531752458	0.0506906062	0.0045128693	0.0112553940	0.0340339736	0.0191680513	0.0000000000	0.0000000000	0.0000000000	0.0000000000	0.1463748451	0.0093989601	0.0052199574	0.0205550585	0.0673237847	0.0000000000	0.0236374315	0.0002463199	0.0095322428	0.0698747141
White Male 111	0.5849240000	0.8792936430	0.3124214779	0.0574163772	0.0547335687	0.0048728050	0.0121530976	0.0367484426	0.0206968496	0.0000000000	0.0000000000	0.0000000000	0.0000000000	0.1580493554	0.0101485989	0.0056362888	0.0221944812	0.0726933700	0.0000000000	0.0255226970	0.0002659658	0.0102925119	0.0754477555
White Male 112	0.6141700000	0.9523584210	0.3383820954	0.0621873828	0.0592816466	0.0052777100	0.0131629574	0.0398020491	0.0224166513	0.0000000000	0.0000000000	0.0000000000	0.0000000000	0.1711824437	0.0109918952	0.0061046354	0.0240387284	0.0787338151	0.0000000000	0.0276435018	0.0002880662	0.0111477667	0.0817170758
White Male 113	0.6448780000	1.0352938866	0.3678498630	0.0676029274	0.0644441473	0.0057373157	0.0143092444	0.0432681827	0.0243687897	0.0000000000	0.0000000000	0.0000000000	0.0000000000	0.1860897469	0.0119491167	0.0066362533	0.0261321242	0.0855902942	0.0000000000	0.0300508167	0.0003131522	0.0121185621	0.0888333501
White Male 114	0.6771220000	1.1304807361	0.4016706650	0.0738184666	0.0703692623	0.0062648152	0.0156248630	0.0472463400	0.0266093016	0.0000000000	0.0000000000	0.0000000000	0.0000000000	0.2031991850	0.0130477408	0.0072464028	0.0285347604	0.0934596253	0.0000000000	0.0328137448	0.0003419440	0.0132327653	0.0970008539
White Male 115	0.7109780000	1.2412524692	0.4410289259	0.0810516721	0.0772644927	0.0068786819	0.0171558870	0.0518758386	0.0292166512	0.0000000000	0.0000000000	0.0000000000	0.0000000000	0.2231099408	0.0143262419	0.0079564517	0.0313307787	0.1026173972	0.0000000000	0.0360290454	0.0003754499	0.0145293963	0.1065056179
White Male 116	0.7465270000	1.3724979705	0.4876617133	0.0896217797	0.0854341579	0.0076060086	0.0189698878	0.0573610003	0.0323059132	0.0000000000	0.0000000000	0.0000000000	0.0000000000	0.2467007709	0.0158410464	0.0087977378	0.0346435808	0.1134677859	0.0000000000	0.0398386251	0.0004151486	0.0160656816	0.1177671329
White Male 117	0.7838540000	1.5318011737	0.5442636716	0.1000240076	0.0953503365	0.0084888234	0.0211716862	0.0640187814	0.0360555984	0.0000000000	0.0000000000	0.0000000000	0.0000000000	0.2753348555	0.0176796862	0.0098188744	0.0386645947	0.1266377738	0.0000000000	0.0444626178	0.0004633341	0.0179303944	0.1314361378
White Male 118	0.8230460000	1.7318654672	0.6153484369	0.1130878652	0.1078037789	0.0095975250	0.0239368613	0.0723800965	0.0407647199	0.0000000000	0.0000000000	0.0000000000	0.0000000000	0.3112955756	0.0199887809	0.0111012903	0.0437144699	0.1431775815	0.0000000000	0.0502697567	0.0005238489	0.0202722333	0.1486026464
White Male 119	0.8641980000	1.9965573364	0.7093960007	0.1303717934	0.1242801071	0.0110643750	0.0275952821	0.0834424009	0.0469950479	0.0000000000	0.0000000000	0.0000000000	0.0000000000	0.3588728323	0.0230437917	0.0127979701	0.0503956267	0.1650603099	0.0000000000	0.0579527991	0.0006039120	0.0233705660	0.1713145215
