"year" "age0" "age1" "age2" "age3" "age4" "age5" "age6" "age7" "age8" "age9" "age10" "age11" "age12" "age13" "age14" "age15" "age16" "age17" "age18" "age19" "age20" "age21" "age22" "age23" "age24" "age25" "age26" "age27" "age28" "age29" "age30" "age31" "age32" "age33" "age34" "age35" "age36" "age37" "age38" "age39" "age40" "age41" "age42" "age43" "age44" "age45" "age46" "age47" "age48" "age49" "age50" "age51" "age52" "age53" "age54" "age55" "age56" "age57" "age58" "age59" "age60" "age61" "age62" "age63" "age64" "age65" "age66" "age67" "age68" "age69" "age70" "age71" "age72" "age73" "age74" "age75" "age76" "age77" "age78" "age79" "age80" "age81" "age82" "age83" "age84" "age85+"
1900 892000 907000 914000 916000 913000 906000 895000 881000 866000 849000 831000 811000 795000 785000 778000 772000 763000 759000 758000 759000 760000 761000 755000 739000 715000 692000 669000 644000 621000 597000 574000 548000 528000 514000 504000 494000 485000 475000 461000 445000 431000 416000 402000 385000 369000 352000 336000 322000 311000 303000 296000 290000 280000 267000 252000 238000 223000 211000 202000 197000 190000 185000 178000 169000 157000 147000 137000 128000 118000 109000 101000 93000 86000 81000 76000 458000 458000 
1901 912000 924000 929000 930000 925000 917000 905000 891000 875000 858000 839000 820000 805000 795000 789000 783000 775000 772000 772000 773000 774000 776000 771000 754000 730000 707000 683000 660000 635000 611000 586000 560000 539000 526000 517000 507000 498000 488000 474000 456000 441000 426000 410000 394000 378000 361000 343000 329000 319000 311000 303000 297000 288000 274000 258000 243000 228000 215000 207000 201000 195000 188000 181000 172000 161000 150000 140000 131000 122000 112000 103000 96000 88000 82000 77000 470000 470000 
1902 933000 942000 946000 944000 937000 929000 916000 901000 885000 867000 849000 830000 814000 805000 801000 795000 789000 786000 786000 788000 789000 792000 786000 770000 746000 722000 699000 674000 649000 625000 599000 573000 552000 538000 529000 520000 512000 501000 487000 468000 452000 437000 420000 403000 386000 369000 352000 338000 327000 319000 312000 304000 295000 281000 265000 249000 234000 221000 211000 205000 198000 192000 185000 175000 164000 154000 144000 134000 125000 116000 106000 98000 91000 84000 78000 482000 482000 
1903 952000 958000 960000 955000 948000 937000 924000 909000 892000 874000 857000 837000 823000 815000 812000 807000 802000 800000 801000 803000 804000 806000 801000 784000 760000 737000 713000 688000 663000 637000 612000 584000 563000 549000 542000 533000 525000 514000 499000 480000 462000 445000 429000 411000 395000 378000 360000 346000 336000 328000 320000 313000 302000 288000 271000 254000 238000 224000 215000 209000 202000 196000 189000 179000 167000 158000 148000 137000 128000 118000 110000 101000 93000 86000 79000 495000 495000 
1904 971000 975000 973000 968000 959000 947000 932000 916000 900000 882000 864000 845000 831000 824000 822000 820000 816000 814000 816000 818000 819000 821000 816000 799000 776000 752000 727000 702000 677000 651000 624000 597000 574000 562000 554000 546000 539000 529000 512000 492000 473000 455000 437000 419000 403000 386000 369000 355000 344000 336000 328000 321000 311000 295000 277000 260000 242000 228000 219000 212000 205000 200000 193000 183000 172000 161000 151000 141000 131000 121000 113000 103000 96000 88000 80000 507000 507000 
1905 991000 992000 988000 980000 970000 957000 941000 925000 907000 891000 873000 854000 841000 835000 835000 833000 831000 831000 832000 834000 836000 838000 833000 816000 792000 767000 743000 717000 691000 665000 638000 610000 588000 575000 567000 560000 553000 543000 526000 505000 485000 465000 446000 429000 413000 396000 380000 364000 354000 346000 338000 330000 320000 303000 284000 267000 248000 233000 223000 216000 210000 204000 196000 187000 176000 165000 155000 145000 135000 126000 116000 107000 98000 90000 82000 521000 521000 
1906 1010000 1008000 1002000 992000 980000 965000 949000 932000 915000 898000 881000 863000 851000 846000 847000 847000 846000 846000 849000 851000 851000 853000 848000 832000 807000 782000 758000 732000 705000 680000 652000 624000 601000 589000 582000 574000 568000 558000 540000 517000 496000 474000 455000 438000 422000 405000 389000 374000 364000 355000 347000 339000 329000 311000 292000 272000 252000 236000 226000 221000 214000 208000 201000 191000 180000 170000 159000 149000 139000 129000 119000 110000 101000 92000 84000 535000 535000 
1907 1027000 1022000 1014000 1002000 988000 973000 957000 940000 922000 906000 889000 872000 860000 857000 859000 859000 860000 861000 863000 866000 867000 868000 863000 846000 821000 797000 772000 746000 719000 693000 665000 636000 614000 601000 596000 588000 582000 572000 553000 529000 506000 484000 464000 446000 431000 415000 399000 385000 373000 365000 356000 349000 338000 319000 299000 278000 257000 240000 230000 225000 218000 212000 205000 195000 183000 173000 162000 152000 142000 132000 122000 113000 103000 94000 86000 550000 550000 
1908 1045000 1038000 1027000 1013000 999000 982000 966000 948000 931000 914000 898000 881000 871000 868000 872000 873000 876000 878000 880000 882000 883000 884000 878000 861000 837000 812000 788000 761000 734000 708000 680000 651000 628000 616000 610000 604000 598000 587000 567000 542000 518000 494000 473000 456000 441000 426000 409000 395000 385000 376000 366000 358000 347000 329000 306000 284000 262000 244000 234000 229000 222000 217000 209000 200000 188000 177000 167000 156000 146000 135000 125000 115000 106000 96000 87000 567000 567000 
1909 1063000 1053000 1040000 1026000 1010000 992000 975000 958000 941000 925000 909000 893000 883000 882000 886000 889000 891000 895000 897000 898000 899000 900000 894000 877000 852000 828000 803000 777000 749000 722000 695000 666000 643000 631000 625000 618000 614000 602000 582000 555000 531000 505000 483000 466000 452000 436000 421000 407000 397000 387000 378000 369000 357000 337000 314000 291000 267000 249000 239000 233000 227000 222000 215000 204000 193000 182000 171000 160000 149000 139000 128000 118000 108000 99000 90000 583000 583000 
1910 1083000 1069000 1055000 1040000 1023000 1006000 988000 971000 954000 938000 923000 908000 897000 897000 901000 905000 908000 911000 913000 915000 916000 917000 910000 893000 868000 844000 820000 794000 766000 739000 712000 681000 659000 647000 641000 635000 631000 620000 598000 570000 544000 517000 494000 476000 463000 448000 433000 420000 409000 399000 389000 380000 367000 347000 322000 298000 274000 255000 244000 238000 233000 228000 221000 210000 198000 186000 175000 164000 153000 142000 131000 121000 111000 101000 93000 603000 603000 
1911 1094000 1082000 1068000 1052000 1035000 1019000 1001000 984000 967000 952000 937000 921000 911000 909000 912000 914000 915000 917000 921000 921000 923000 924000 918000 903000 880000 857000 833000 808000 781000 754000 726000 695000 672000 660000 655000 649000 645000 634000 612000 582000 555000 528000 504000 486000 473000 459000 444000 430000 419000 408000 397000 389000 375000 354000 329000 305000 280000 260000 249000 244000 239000 234000 227000 215000 203000 190000 179000 168000 157000 145000 134000 123000 113000 103000 94000 618000 618000 
1912 1105000 1093000 1079000 1064000 1048000 1031000 1015000 998000 983000 967000 953000 937000 927000 923000 924000 923000 923000 924000 925000 928000 929000 931000 925000 911000 889000 869000 846000 823000 796000 768000 739000 708000 684000 672000 668000 663000 659000 648000 625000 596000 568000 539000 514000 497000 484000 470000 455000 441000 430000 418000 407000 397000 383000 362000 336000 312000 286000 267000 255000 251000 245000 240000 233000 222000 208000 195000 183000 171000 158000 147000 136000 125000 116000 106000 99000 635000 635000 
1913 1119000 1108000 1095000 1082000 1066000 1051000 1035000 1019000 1004000 988000 973000 959000 948000 941000 939000 936000 932000 931000 934000 937000 938000 941000 936000 923000 903000 884000 863000 841000 813000 785000 756000 724000 700000 689000 685000 680000 676000 665000 642000 612000 582000 553000 529000 510000 497000 484000 469000 455000 443000 430000 419000 408000 393000 372000 346000 321000 295000 275000 263000 259000 253000 248000 240000 229000 214000 201000 187000 175000 163000 151000 139000 128000 118000 109000 102000 655000 655000 
1914 1132000 1123000 1112000 1099000 1086000 1071000 1056000 1041000 1025000 1010000 995000 980000 968000 961000 955000 948000 942000 939000 940000 944000 946000 948000 946000 934000 916000 899000 880000 859000 833000 803000 773000 741000 716000 705000 702000 697000 693000 682000 660000 628000 598000 567000 542000 525000 512000 497000 483000 470000 457000 442000 430000 419000 403000 381000 355000 329000 303000 283000 273000 267000 261000 255000 248000 235000 220000 206000 192000 179000 166000 154000 142000 131000 121000 113000 105000 676000 676000 
1915 1138000 1131000 1121000 1112000 1100000 1086000 1073000 1058000 1043000 1029000 1014000 999000 987000 976000 967000 957000 947000 941000 942000 947000 949000 953000 950000 940000 924000 908000 893000 873000 846000 817000 786000 754000 730000 718000 716000 711000 708000 697000 673000 641000 611000 580000 554000 536000 524000 509000 495000 481000 467000 453000 439000 427000 411000 389000 362000 337000 311000 291000 279000 275000 268000 263000 255000 242000 225000 211000 197000 183000 168000 156000 144000 133000 123000 116000 109000 694000 694000 
1916 1142000 1138000 1132000 1124000 1114000 1102000 1090000 1076000 1063000 1049000 1033000 1019000 1005000 991000 978000 965000 951000 942000 942000 948000 951000 956000 955000 947000 932000 919000 905000 886000 861000 830000 800000 766000 742000 731000 729000 725000 722000 711000 687000 655000 624000 593000 567000 548000 536000 522000 508000 494000 478000 464000 449000 436000 420000 397000 371000 346000 320000 299000 288000 282000 276000 270000 262000 248000 231000 215000 200000 186000 172000 158000 146000 136000 126000 118000 114000 713000 713000 
1917 1144000 1144000 1141000 1135000 1128000 1119000 1108000 1095000 1082000 1068000 1053000 1039000 1023000 1007000 990000 973000 955000 944000 944000 949000 954000 958000 958000 951000 940000 927000 917000 900000 874000 843000 813000 779000 754000 744000 743000 738000 736000 726000 701000 669000 638000 606000 579000 561000 548000 535000 520000 507000 490000 475000 459000 445000 427000 404000 379000 354000 329000 308000 297000 291000 284000 278000 270000 255000 237000 220000 205000 190000 174000 161000 149000 138000 129000 122000 118000 732000 732000 
1918 1145000 1149000 1149000 1147000 1142000 1134000 1125000 1115000 1102000 1088000 1074000 1059000 1043000 1023000 1001000 981000 959000 945000 944000 951000 955000 960000 962000 957000 946000 937000 928000 912000 887000 857000 825000 792000 767000 756000 756000 752000 751000 741000 716000 682000 651000 619000 592000 573000 561000 547000 534000 519000 503000 485000 469000 454000 436000 413000 388000 362000 337000 316000 305000 299000 292000 286000 277000 262000 243000 226000 210000 194000 178000 163000 152000 140000 132000 126000 123000 752000 752000 
1919 1130000 1138000 1143000 1144000 1142000 1138000 1131000 1121000 1110000 1096000 1081000 1067000 1049000 1027000 1003000 978000 953000 937000 935000 941000 946000 952000 954000 950000 942000 935000 928000 915000 891000 859000 829000 795000 771000 761000 760000 758000 757000 747000 722000 689000 658000 626000 599000 580000 568000 555000 540000 525000 508000 490000 474000 458000 439000 416000 392000 367000 343000 322000 311000 305000 298000 291000 282000 266000 246000 229000 211000 195000 179000 165000 153000 142000 134000 128000 127000 764000 764000 
1920 1123000 1141000 1154000 1161000 1163000 1160000 1153000 1143000 1130000 1114000 1096000 1077000 1056000 1036000 1015000 995000 973000 958000 949000 947000 943000 939000 938000 941000 947000 952000 959000 953000 926000 887000 848000 807000 776000 765000 766000 764000 762000 753000 732000 703000 676000 648000 623000 602000 584000 565000 545000 526000 510000 495000 481000 468000 451000 428000 402000 377000 352000 332000 320000 314000 306000 300000 291000 273000 252000 234000 215000 198000 181000 166000 154000 143000 135000 130000 129000 759000 759000 
1921 1160000 1169000 1175000 1176000 1175000 1171000 1164000 1155000 1144000 1130000 1116000 1102000 1084000 1064000 1041000 1020000 998000 981000 969000 961000 953000 943000 939000 944000 955000 965000 977000 975000 949000 908000 869000 828000 796000 783000 783000 777000 773000 763000 743000 716000 692000 668000 643000 622000 601000 579000 557000 538000 521000 507000 493000 480000 464000 441000 415000 390000 364000 343000 331000 323000 315000 307000 297000 280000 260000 242000 224000 207000 190000 175000 161000 149000 139000 132000 127000 775000 775000 
1922 1181000 1185000 1186000 1186000 1184000 1179000 1172000 1165000 1155000 1143000 1131000 1119000 1104000 1084000 1064000 1043000 1023000 1006000 991000 979000 966000 952000 944000 948000 958000 966000 977000 975000 954000 921000 889000 856000 828000 812000 802000 790000 777000 762000 745000 725000 705000 685000 665000 643000 619000 595000 571000 550000 533000 518000 503000 490000 473000 451000 427000 403000 380000 360000 346000 334000 323000 312000 299000 284000 266000 249000 233000 217000 201000 185000 171000 157000 144000 132000 121000 791000 791000 
1923 1191000 1193000 1194000 1194000 1191000 1188000 1182000 1176000 1167000 1158000 1147000 1136000 1122000 1105000 1086000 1067000 1049000 1031000 1014000 999000 983000 966000 956000 954000 959000 961000 965000 962000 949000 931000 913000 894000 874000 852000 829000 806000 781000 760000 743000 730000 717000 704000 688000 665000 639000 614000 588000 564000 545000 529000 512000 495000 477000 458000 438000 418000 399000 380000 363000 347000 331000 315000 300000 285000 271000 256000 242000 227000 213000 198000 182000 166000 149000 132000 113000 808000 808000 
1924 1214000 1211000 1207000 1204000 1199000 1195000 1189000 1183000 1176000 1168000 1160000 1151000 1140000 1125000 1110000 1094000 1078000 1061000 1044000 1026000 1009000 991000 977000 968000 963000 958000 952000 947000 942000 939000 935000 932000 919000 893000 859000 826000 790000 762000 747000 739000 730000 721000 708000 686000 659000 633000 608000 584000 562000 542000 522000 501000 482000 464000 448000 431000 415000 399000 380000 359000 340000 319000 301000 287000 277000 264000 251000 238000 224000 209000 194000 176000 155000 134000 109000 829000 829000 
1925 1208000 1211000 1213000 1213000 1211000 1207000 1203000 1196000 1188000 1180000 1170000 1160000 1149000 1138000 1126000 1115000 1103000 1088000 1070000 1051000 1031000 1012000 994000 979000 968000 955000 941000 933000 935000 941000 946000 954000 948000 922000 883000 845000 805000 774000 758000 752000 743000 734000 721000 700000 675000 651000 628000 604000 580000 557000 533000 510000 489000 471000 457000 443000 429000 414000 394000 371000 350000 327000 308000 294000 283000 272000 259000 246000 232000 217000 201000 183000 161000 139000 112000 852000 852000 
1926 1164000 1187000 1205000 1216000 1223000 1224000 1222000 1216000 1208000 1197000 1183000 1168000 1153000 1144000 1137000 1129000 1120000 1108000 1091000 1069000 1050000 1031000 1012000 994000 978000 963000 944000 934000 936000 946000 954000 964000 961000 936000 897000 860000 821000 790000 774000 767000 758000 748000 734000 714000 690000 666000 643000 619000 596000 572000 548000 523000 501000 483000 469000 454000 441000 424000 403000 381000 358000 336000 317000 303000 291000 279000 266000 252000 238000 224000 207000 189000 168000 145000 118000 875000 875000 
1927 1136000 1173000 1201000 1220000 1231000 1237000 1236000 1231000 1222000 1210000 1195000 1175000 1160000 1153000 1149000 1144000 1138000 1128000 1112000 1091000 1071000 1052000 1033000 1014000 995000 976000 956000 943000 942000 948000 953000 959000 956000 936000 906000 877000 846000 821000 803000 789000 774000 758000 740000 721000 700000 680000 660000 639000 614000 589000 564000 538000 515000 496000 480000 464000 449000 431000 411000 390000 369000 348000 329000 314000 300000 286000 271000 257000 242000 227000 210000 193000 174000 153000 132000 902000 902000 
1928 1108000 1154000 1189000 1214000 1231000 1239000 1241000 1238000 1230000 1218000 1203000 1183000 1168000 1162000 1160000 1157000 1152000 1144000 1130000 1111000 1095000 1078000 1059000 1039000 1017000 996000 973000 956000 950000 949000 947000 944000 939000 928000 911000 895000 881000 862000 840000 816000 791000 766000 743000 724000 708000 692000 676000 657000 633000 607000 582000 556000 532000 511000 492000 472000 453000 435000 416000 398000 379000 361000 344000 327000 309000 293000 276000 260000 244000 228000 212000 196000 181000 165000 150000 932000 932000 
1929 1052000 1119000 1169000 1206000 1231000 1246000 1251000 1248000 1240000 1228000 1209000 1186000 1168000 1163000 1164000 1163000 1159000 1153000 1144000 1130000 1117000 1105000 1088000 1068000 1045000 1022000 998000 978000 962000 951000 939000 925000 915000 911000 911000 910000 911000 901000 878000 844000 812000 777000 748000 730000 716000 702000 688000 670000 648000 624000 599000 577000 553000 529000 505000 482000 457000 436000 419000 403000 387000 373000 357000 339000 319000 300000 282000 264000 247000 231000 215000 200000 187000 173000 163000 967000 967000 
1930 1074073 1065946 1105924 1168477 1170673 1222826 1241593 1228264 1273057 1250900 1220951 1200415 1184148 1175899 1174035 1171391 1167028 1161653 1154884 1146536 1137588 1128801 1116315 1097148 1072693 1047591 1022727 998910 977464 958536 939650 919040 904406 901714 907842 914855 923060 922581 904233 871521 836977 801717 769941 746794 730667 714338 696878 678676 659090 638227 617533 597621 576133 551341 524149 496814 469232 444375 424990 410004 395714 381891 366974 349234 329278 309487 290028 271497 254705 239340 224328 209728 194628 178124 160646 1013777 1013777 
1931 1051340 1057145 1099793 1119673 1168532 1196034 1219718 1238530 1227940 1268053 1247197 1219066 1199056 1182974 1174571 1172303 1169221 1164445 1158413 1150544 1140783 1130351 1120016 1106622 1087763 1064551 1040826 1017330 994649 973814 954995 936201 915811 900923 897090 901479 906620 912813 911036 892898 861556 828508 794822 764062 740681 723364 705759 687080 667941 648047 627444 607033 587350 566351 542535 516644 490692 464608 440704 421164 405122 389584 374552 358576 340310 320275 300383 280755 262042 245055 229530 214396 199702 184611 168251 1063537 1063537 
1932 1004993 1036977 1093948 1110437 1122037 1191460 1193499 1216496 1235324 1227381 1262809 1243231 1216837 1197266 1181240 1172636 1169972 1166433 1161261 1154622 1145679 1134492 1122633 1110842 1096606 1078057 1056106 1033739 1011598 990059 969820 951121 932409 912188 896980 892028 894671 897988 902217 899208 881282 851277 819678 787515 757710 734109 715576 696727 676837 656771 636580 616204 596095 576647 556160 533293 508668 484037 459331 436279 416543 399452 382704 366515 349545 330777 310633 290626 270820 251920 234765 219090 203845 189090 174034 1111899 1111899 
1933 952985 994297 1079934 1102272 1110817 1148196 1187705 1191844 1214147 1232923 1227587 1258357 1239957 1215186 1195908 1179878 1171077 1167995 1164016 1158489 1151254 1141215 1128649 1115441 1102255 1087179 1068951 1048227 1027187 1006386 985952 966296 947689 928996 908854 893332 887245 888188 889732 892071 887845 870096 841354 811130 780395 751515 727636 707900 687797 666695 645713 625189 605041 585227 566023 546014 524051 500612 477166 453701 431408 411437 393308 375389 358095 340163 320868 300580 280431 260427 241359 224040 208219 192893 178095 1158273 1158273 
1934 921473 947225 1044169 1088875 1101208 1135727 1148544 1185563 1191774 1213332 1232065 1229303 1255380 1238041 1214723 1195665 1179621 1170593 1167105 1162723 1156848 1148986 1137884 1124003 1109498 1094918 1079016 1061078 1041544 1021804 1002294 982931 963816 945225 926446 906369 890495 883304 882590 882427 882902 877445 859809 832247 803286 773924 745873 721691 700728 679356 657042 635108 614256 594320 574795 555798 536224 515081 492683 470277 447931 426303 406062 386911 367861 349485 330572 310727 290253 269923 249729 230490 213011 197070 181678 1202141 1202141 
1935 958672 920107 1003739 1052740 1087538 1123666 1133929 1149345 1183872 1192068 1212876 1231550 1231272 1252581 1236157 1214233 1195401 1179322 1170077 1166225 1161450 1155202 1146748 1134656 1119525 1103731 1087787 1071062 1053404 1035056 1016590 998356 980037 961395 942733 923875 903839 887637 879375 877065 875210 873818 867101 849539 823077 795358 767293 740051 715544 693351 670726 647190 624344 603181 583473 564220 545410 526219 505783 484307 462850 441538 420524 400007 379881 359734 340277 320400 300000 279321 258831 238467 219086 201499 185473 1242368 1242368 
1936 952134 958969 983301 1012067 1050578 1109147 1118958 1131951 1149933 1181882 1192048 1212079 1230606 1232719 1249112 1233557 1213045 1194426 1178331 1168916 1164709 1159522 1152936 1143966 1130952 1114587 1097542 1080248 1062711 1045351 1028174 1010978 994002 976662 958411 939691 920743 900776 884282 875006 871114 867564 864284 856294 838748 813382 786845 760067 733606 708769 685374 661494 636794 613083 591654 572170 553177 534520 515621 495791 475161 454587 434256 413822 393049 371983 350752 330241 309431 288492 267641 247020 226528 207076 189436 1278963 1278963 
1937 949319 958795 1027350 992318 1010115 1071721 1104094 1114424 1130115 1150576 1179949 1192055 1211228 1229518 1233873 1245310 1230634 1211509 1193119 1177051 1167473 1162894 1157327 1150472 1141045 1127120 1109552 1091268 1072640 1054308 1037236 1021220 1005269 989478 973021 955161 936368 917354 897484 880744 870463 864984 859716 854541 845226 827699 803362 777989 752454 726742 701575 676968 651887 626070 601550 579861 560587 541811 523217 504511 485213 465365 445621 426213 406329 385293 363280 340986 319450 297739 276315 255314 234594 214044 194581 1312975 1312975 
1938 991049 960329 1037701 1036721 992744 1032782 1067705 1100595 1111430 1129754 1152715 1179526 1193504 1211757 1229690 1236234 1242745 1228905 1211157 1193018 1176964 1167192 1162265 1156379 1149304 1139418 1124588 1105804 1086270 1066302 1047158 1030350 1015456 1000658 985934 970334 952821 933953 914880 895127 878120 866805 859707 852703 845580 834950 817367 794014 769733 745367 720350 694792 668990 642720 615820 590484 568513 549382 530706 512060 493463 474621 455479 436496 417944 398528 377148 354169 331127 308256 285699 263811 242668 221887 201319 1347582 1347582 
1939 1000990 996104 1045958 1050593 1036658 1016799 1029596 1064356 1097756 1109024 1129987 1155435 1179616 1195387 1212585 1230115 1238861 1240423 1227428 1211092 1193199 1177134 1167192 1161981 1155832 1148541 1138206 1122471 1102474 1081694 1060390 1040428 1023865 1010015 996270 982597 967823 950661 931742 912647 892997 875692 863301 854565 845770 836720 824730 807083 784670 761430 738195 713808 687871 660903 633496 605526 579385 557097 538011 519332 500571 482037 463606 445125 426857 409077 390019 368246 344300 320240 296400 273062 250763 229535 208746 1383288 1383288 
1940 995356 1010613 1091387 1056577 1052047 1037803 1035261 1041973 1056084 1075639 1103901 1132007 1159544 1182197 1199694 1213275 1229845 1239770 1237358 1224822 1209324 1192261 1176661 1166834 1161536 1156691 1148815 1137847 1121281 1100196 1077307 1055274 1034989 1018793 1005845 994510 981321 966848 949736 930656 910642 891204 873745 860532 850450 839241 828524 815351 797558 775839 752072 729564 705616 679494 651820 624609 596043 569388 546642 527111 509556 490374 471616 453541 435919 418250 401225 382525 360384 335484 308814 284164 260256 237660 216401 195484 175184 156115 138186 121530 107024 93601 81883 72016 64128 211440 211440 
1941 1057547 1025260 1099740 1100111 1058025 1066081 1025151 1021183 1028029 1042804 1082779 1112632 1140611 1169389 1194031 1203265 1212552 1226288 1234205 1230424 1214658 1202415 1187710 1173707 1164578 1165944 1158788 1149256 1137227 1120151 1094666 1072689 1051904 1032918 1017581 1010637 997737 983221 967357 949328 927895 909471 890786 873786 860571 849754 837565 825839 811817 793562 764906 740898 718013 693769 667556 641429 614273 585876 559419 536561 522826 505514 486165 466808 448012 429013 410681 392610 373004 350317 319705 292638 268032 244718 223007 203628 180923 160629 142325 124978 110910 97199 84651 73646 64339 219735 219735 
1942 1133939 1081071 1114929 1118722 1105401 1061904 1054351 1009110 1003743 1010641 1055588 1093555 1124464 1152338 1182444 1200503 1203096 1209233 1220271 1226252 1215102 1205609 1195927 1183661 1171346 1173132 1169207 1160397 1149326 1136369 1110230 1087561 1066230 1046828 1029223 1023004 1013517 999453 983712 966520 942691 924247 907147 889228 872693 863404 850202 837219 824452 809566 782467 753451 729366 706123 681582 655464 629576 602434 574224 548020 532653 519409 502051 482473 462476 442885 422616 403675 384484 363890 334508 303518 276182 251694 229001 209668 190806 166887 146722 129190 114208 101461 88250 76516 66177 229959 229959 
1943 1313466 1164216 1176784 1133490 1114647 1090567 1047829 1040880 996811 990019 1030531 1066552 1105933 1137925 1165698 1189241 1198210 1199386 1202496 1210898 1208142 1206698 1199713 1192655 1182900 1184215 1176743 1170496 1160154 1147705 1122633 1101912 1080588 1059984 1042012 1035619 1026189 1015605 1000429 983505 957833 937677 920623 904809 887622 877425 864928 850419 836633 822832 798063 769927 741333 717188 693598 668610 642596 616714 589592 561608 543218 530271 516253 498791 478951 458219 435889 414863 395294 374987 346953 316126 285675 258319 234152 214016 195689 177625 152855 133000 117137 103933 91642 79067 68220 238961 238961 
1944 1228089 1335507 1266493 1190987 1129181 1093319 1080538 1038743 1031136 991472 1018978 1038139 1074621 1115299 1148272 1169794 1183851 1192018 1191861 1192015 1193461 1203670 1205006 1200561 1196177 1199468 1186879 1176448 1167998 1156293 1130876 1114085 1095653 1075702 1055822 1049442 1039513 1029067 1017392 1001103 974886 952265 933235 917467 902868 892177 878403 864495 848709 834152 810841 784620 756845 728674 704468 681144 655842 629758 603841 576738 555401 541695 528355 513512 495908 475272 450004 426453 404710 384545 357282 326523 296294 266567 239448 217802 199529 181805 164519 139216 119899 106152 93554 81822 69989 247013 247013 
1945 1202238 1265380 1436620 1276409 1189301 1104799 1088061 1076109 1033505 1027196 1031350 1023425 1041441 1078220 1120013 1147766 1160772 1174187 1181586 1180147 1176415 1193454 1206246 1210422 1208549 1215378 1201625 1186016 1172719 1162190 1138147 1123635 1109540 1093382 1074753 1065705 1055205 1044365 1032875 1020068 994103 969758 947762 929703 915085 906472 892096 877007 861717 844711 822333 797933 771998 744530 716721 694402 670885 645195 618919 592879 570648 555546 541734 527923 512209 493621 467239 440587 415816 393351 368124 337634 307170 277490 248456 223987 205443 187440 170119 153407 127825 109604 96513 84426 73193 260164 260164 
1946 1173735 1244904 1353096 1453236 1274926 1162184 1104755 1088883 1075682 1034633 1058155 1042055 1029761 1046664 1083814 1121079 1136606 1148419 1161194 1167836 1168341 1183995 1202778 1218300 1225389 1232118 1218457 1202194 1183601 1167516 1144181 1134192 1122368 1110938 1096980 1089168 1072112 1060417 1048652 1036096 1013272 987275 963540 942053 924849 914737 903237 887777 871438 854854 831153 808694 784732 759062 731878 707063 684961 660899 634781 608293 585204 569358 554142 540228 525994 508534 482514 455241 427365 401545 375132 348404 318191 288060 258978 232804 213001 194383 176553 159545 143830 115224 97751 85519 74186 271751 271751 
1947 1685163 1223583 1326417 1379125 1451259 1243895 1163344 1106887 1089504 1078183 1063455 1055532 1050385 1033693 1049403 1083657 1113389 1128541 1139228 1151446 1160476 1178631 1195283 1215916 1234257 1248691 1234662 1218548 1199772 1178239 1151168 1144999 1138014 1128818 1119977 1116246 1097881 1078159 1065226 1052499 1030747 1005221 979847 956579 935478 921065 908368 896378 879870 862352 841209 818005 796355 772749 747269 722888 699970 677225 652533 625917 600682 584348 568067 552690 538681 523802 496276 469490 441367 412368 382993 356313 330157 300140 270298 243415 221941 201821 183153 165515 149383 131846 103361 86686 75309 286501 286501 
1948 1546982 1719580 1320420 1358010 1371078 1416041 1248071 1168458 1109974 1094707 1104959 1061122 1053997 1054308 1033189 1046445 1078557 1110776 1125620 1135251 1149549 1173075 1192046 1209779 1232347 1255802 1251922 1235888 1217256 1195950 1166229 1154776 1151496 1147448 1140783 1140159 1126727 1105571 1083078 1068845 1049059 1021861 997016 972114 949197 929498 912446 899328 886839 869327 849200 830046 807287 786310 762945 739414 717533 694190 670733 645356 618581 599091 582391 565650 550148 536205 511712 482754 455182 426235 394407 363879 337790 312154 282398 254032 231705 210136 189813 171207 154209 136441 119431 91530 75837 302730 302730 
1949 1550145 1598081 1821919 1335275 1347990 1339743 1418335 1251480 1169524 1113527 1116936 1103275 1060435 1053409 1053562 1029116 1041206 1075782 1110538 1125101 1135246 1162785 1186743 1206594 1225455 1250691 1262140 1257113 1238961 1217731 1191465 1169554 1159813 1159345 1158134 1156575 1151293 1135661 1111573 1086189 1067569 1039237 1012977 988669 964118 942020 919533 902020 888466 875479 856637 841574 822565 800095 779624 757168 736110 713489 689644 665413 639214 615490 595600 578521 561386 545972 525941 500203 469694 441260 410605 375079 344928 319385 294264 265404 241859 219285 197697 177296 159020 140659 123342 107012 80095 322637 322637 
1950 1552226 1613512 1695544 1852776 1333921 1332083 1353658 1433215 1262740 1182051 1140896 1123792 1111346 1068198 1061754 1056607 1019176 1037624 1074104 1106578 1129799 1152217 1173486 1208122 1222390 1237642 1268578 1280181 1252691 1251890 1230152 1195485 1170095 1173279 1172619 1168644 1170950 1162252 1145431 1114478 1083104 1060176 1034360 1007800 983852 962363 932271 912657 896554 872407 866456 854577 835826 812813 792135 771799 748400 726278 707092 683066 650774 626674 606339 588246 573040 560497 548453 530302 498462 464233 427339 390441 354017 327163 301380 278186 252549 228430 206568 184764 164146 145459 126846 110397 94951 346581 346581 
1951 1630078 1616068 1701340 1717503 1837594 1313162 1335332 1359281 1433317 1265669 1200631 1141338 1125315 1111417 1070941 1047032 1067756 1021293 1036395 1067771 1108783 1141679 1139104 1200098 1209849 1206318 1261583 1292791 1220042 1267320 1274134 1221969 1172832 1194386 1189430 1170046 1178430 1172842 1165407 1132476 1088436 1076097 1059325 1031047 1004936 991961 952392 935492 923135 866904 871827 871306 845270 811106 794811 783303 758096 737657 734200 716275 664239 641262 630150 608227 583137 571196 562838 549416 513072 483058 444386 406714 363905 338991 310091 290640 264197 237599 216533 193536 170598 151842 130586 113495 97887 366703 366703 
1952 1683324 1690218 1694211 1720801 1706343 1813669 1316213 1342036 1358214 1436054 1285106 1201962 1143546 1124634 1116608 1057259 1055617 1070873 1021253 1029876 1071269 1121436 1131458 1164698 1202955 1196810 1232032 1286267 1239345 1232936 1288850 1269521 1201341 1197043 1210452 1186028 1180063 1182649 1171344 1152934 1111045 1082445 1073249 1056899 1029419 1011786 982665 954910 945182 895258 864002 874331 861998 822297 794590 787615 771021 749010 745740 739867 697261 655214 643540 630300 602481 580908 572403 562315 532818 498597 462723 423412 381169 348935 321307 298099 275921 248989 224776 202904 178759 157566 135972 116425 100159 387020 387020 
1953 1741746 1736643 1759691 1709183 1710793 1687495 1815109 1322481 1338387 1359502 1456088 1286286 1203810 1141037 1131242 1102374 1062274 1058635 1070740 1013321 1032992 1082467 1111736 1153851 1165526 1189493 1221051 1252802 1236785 1247705 1250137 1285804 1248750 1224433 1211401 1204890 1195186 1185492 1175370 1158516 1135278 1105086 1076661 1070811 1055659 1034079 1002437 983697 962979 918743 889592 863735 864884 840521 806936 788832 776614 763373 757028 747292 720761 688707 656237 641762 623909 599941 580929 570234 546444 519399 477705 441221 398822 366165 330594 308061 282697 260615 235404 210708 187746 165237 140804 120988 102075 407256 407256 
1954 1803730 1790109 1797025 1772633 1702349 1696812 1688624 1824193 1317468 1339344 1378036 1458161 1288729 1200132 1149987 1117619 1104421 1065891 1059742 1062259 1017542 1044512 1075430 1132964 1154999 1154436 1214837 1240980 1210960 1242894 1263640 1250864 1267394 1272739 1239003 1205448 1214831 1203513 1173929 1163678 1146401 1130780 1097653 1075547 1071273 1059344 1025983 1003140 991449 939338 911239 887691 855135 846104 827159 803543 780029 771339 772300 755276 729135 713419 689338 653074 635321 621709 599545 577752 555870 534837 498615 456398 418357 384453 347720 316644 292571 267889 246812 221488 195712 174264 148044 125444 105968 430191 430191 
1955 1854220 1846352 1841019 1807328 1768298 1692920 1697219 1698050 1814297 1317704 1356850 1380779 1461034 1283445 1211722 1136988 1116709 1108858 1068090 1050876 1066999 1028831 1039130 1094273 1133544 1145079 1179424 1233304 1205088 1214178 1256636 1267316 1235069 1291083 1287104 1231891 1215463 1225663 1186971 1162991 1156779 1143053 1121260 1097556 1077317 1073440 1052086 1025861 1009930 970105 929533 907239 879485 838978 834614 825897 796556 776748 780639 766818 737668 722607 713052 684383 646151 632940 620404 594944 564453 545612 513748 477040 435031 404202 365333 332404 300325 277525 252986 232224 205849 181452 155879 131698 109331 453634 453634 
1956 1896895 1891194 1888341 1849412 1806768 1763917 1693377 1708291 1687397 1813524 1334691 1360817 1384554 1454042 1298707 1199534 1133728 1122643 1112696 1059148 1057129 1079795 1026334 1057416 1096026 1126541 1171895 1197614 1204582 1206767 1226689 1264296 1254020 1258302 1305535 1279146 1242623 1228938 1204202 1176924 1161633 1154843 1131710 1122451 1100936 1078088 1067251 1051228 1031777 991349 957890 923408 899529 865529 829394 835299 820515 794997 785994 771025 749400 731680 720752 705872 676619 643211 630150 613872 582349 555138 523804 491525 456842 420683 383963 348160 314834 284627 261073 237213 215444 190281 161292 137874 113690 473882 473882 
1957 1981276 1926720 1922242 1893526 1851640 1806801 1763362 1704985 1694984 1685825 1834192 1338885 1364485 1376134 1473170 1285735 1191739 1138931 1125794 1100895 1064683 1068810 1077430 1042368 1058362 1090195 1153232 1188706 1175642 1203757 1217421 1237441 1253122 1277138 1271809 1296517 1290498 1258886 1202641 1194785 1180899 1160753 1141227 1133753 1127096 1099932 1072617 1065215 1055833 1015673 976295 949075 915835 887621 857476 831802 831579 820901 804635 772428 754036 744099 728425 711393 697421 673498 639167 621843 602442 574566 532977 501313 473001 442737 399773 365365 329911 299221 267331 244930 220127 199397 169062 142334 118522 497404 497404 
1958 2000578 2003604 1945224 1922966 1897522 1855253 1804167 1775095 1688458 1691744 1703640 1839566 1342290 1354317 1396216 1458739 1273504 1197653 1142849 1112789 1106612 1075884 1067393 1091942 1042302 1053298 1115628 1167641 1171378 1171131 1211003 1229645 1227100 1274234 1288806 1260912 1307084 1309046 1226190 1193196 1203464 1180291 1144124 1143407 1138972 1123717 1094699 1069002 1068006 1041959 997237 964257 941124 905638 880779 861629 829370 833545 830804 786662 755566 749039 739081 716458 701833 693554 667774 628472 610993 595702 551298 509543 483846 458349 420227 378756 345420 313362 279954 249664 226391 202441 176080 148262 120991 518458 518458 
1959 2015614 2016115 2010792 1942844 1930251 1906260 1851739 1816954 1755614 1684589 1708978 1709777 1844422 1331345 1376823 1383599 1440922 1280402 1202721 1128701 1118915 1117860 1075653 1080042 1090920 1038075 1077787 1127945 1155586 1163859 1175897 1225860 1221116 1247151 1285212 1276830 1271412 1328705 1270222 1217674 1207558 1204233 1161452 1147433 1150226 1134162 1119711 1090430 1070852 1057562 1021010 982858 956999 933700 901016 887588 861456 833513 844182 809007 770686 751835 743265 725586 706961 698339 687334 656044 619713 606682 572855 528393 494759 470166 435785 398105 358507 329367 293456 262185 231097 208501 178574 154840 126269 544759 544759 
1960 2014076 2020145 2005380 2005711 1957157 1944320 1896775 1867910 1784657 1751816 1705684 1716358 1714681 1820686 1365623 1359023 1358648 1453187 1289244 1179573 1143539 1132899 1120028 1088161 1080909 1089855 1064020 1090412 1122000 1146156 1169048 1193259 1218867 1239978 1257524 1272673 1287983 1294343 1284866 1262643 1236884 1208083 1182151 1164944 1154375 1142913 1130351 1112923 1088590 1059959 1031726 1002209 976680 955414 935216 912958 891452 867276 840397 813895 789493 763867 742360 727764 717038 705036 692864 676372 651039 618452 584646 550577 515502 480355 445611 410891 376054 341491 307576 274573 242863 212364 183653 156882 132309 573802 573802 
1961 2052243 2008784 1996953 2007365 2024833 1965108 1930518 1914058 1829966 1793162 1776361 1708594 1718179 1690248 1877308 1345235 1342639 1376870 1468994 1261388 1217229 1156092 1140583 1126340 1098358 1091403 1095097 1070004 1094968 1124995 1156596 1169350 1195735 1219546 1243985 1259694 1274221 1288561 1293885 1283690 1261017 1234767 1205922 1179844 1161831 1150615 1139416 1122491 1099549 1073541 1047727 1018838 998554 985069 968727 944551 920624 889783 852669 819105 794403 769803 748463 733958 723598 712130 699325 686615 668389 640838 606473 571448 534549 496350 459194 424035 389123 354144 319719 286222 254397 223109 193610 165999 140366 591524 591524 
1962 2007126 2045372 1983105 2000257 2027604 2031188 1954714 1946998 1877087 1840651 1824125 1773482 1712221 1697686 1741074 1851446 1330137 1359825 1392683 1442828 1299799 1225651 1163121 1145909 1140132 1105763 1093649 1101010 1072772 1095428 1139430 1148379 1170384 1193445 1224882 1244936 1260908 1275028 1288628 1293143 1282263 1258917 1232238 1202888 1175928 1157351 1146273 1131410 1110063 1086082 1062803 1036692 1016060 1006280 997008 977052 951289 918600 875779 832717 800986 775901 755702 741460 731173 719837 707507 693418 678085 657148 627831 592339 554379 514256 474039 436613 401226 366225 331452 297518 265429 233909 203644 175244 148732 607866 607866 
1963 1970519 2000644 2017343 1988119 2021529 2031827 2023417 1969480 1910463 1889083 1877402 1814138 1777966 1695035 1746279 1719732 1831024 1346625 1376576 1374216 1483443 1302550 1230651 1166420 1163181 1145180 1106755 1101937 1105308 1074165 1117218 1126826 1151968 1168780 1202772 1226330 1246493 1261707 1274982 1287821 1291716 1280233 1256309 1228957 1198791 1171493 1153121 1139210 1120912 1098833 1077076 1053465 1034230 1022174 1015565 1002934 981373 947345 903636 855607 814565 782475 762040 749115 739126 727735 715569 701296 683657 665079 642381 612049 573512 532212 490058 449726 412056 376655 341958 307790 275570 243739 213381 184348 157182 626707 626707 
1964 1935168 1963475 1970712 2023407 2009648 2022975 2026500 2036033 1933137 1923266 1931532 1859460 1819053 1763087 1740844 1727055 1702094 1850689 1364638 1364558 1412207 1480212 1306507 1232705 1187823 1165603 1144008 1116252 1105923 1105662 1101041 1098255 1130550 1148828 1180140 1203272 1227263 1246763 1261340 1274067 1286476 1289995 1277873 1253003 1224620 1194011 1166648 1146031 1129700 1111253 1091247 1069471 1051615 1039189 1029226 1019512 1005353 976180 932149 883844 837844 796332 769126 756210 747776 736831 724960 710464 691858 670405 650009 626373 592876 550910 507638 465615 425079 387525 352547 318568 286408 254325 223697 194578 166731 653206 653206 
1965 1853283 1926903 1931053 1977316 2045489 2008366 2020272 2036746 1999377 1946948 1971596 1905385 1865021 1807019 1807720 1723631 1710019 1719255 1875506 1357839 1400058 1402882 1480917 1305566 1257727 1186540 1161595 1154509 1119882 1105248 1139052 1076160 1102511 1126520 1162978 1180613 1204671 1228189 1247162 1261107 1273223 1285103 1287608 1274158 1248166 1219428 1188665 1159805 1137848 1121861 1105188 1085357 1068087 1055173 1043755 1030885 1019660 998611 960556 912624 866328 819715 783398 763871 755480 745983 734664 719902 700233 677317 654099 632945 606128 569087 525087 482061 439759 399405 362358 328185 296520 264416 233678 204459 176734 684258 684258 
1966 1743230 1846898 1894955 1940909 2001838 2043910 2010760 2030573 2003414 2016661 2003206 1939074 1913512 1857563 1851190 1792999 1708331 1726538 1743462 1872331 1391748 1385634 1402767 1477716 1336401 1254009 1181315 1174800 1159501 1119775 1145907 1108213 1082063 1098580 1144066 1163864 1182686 1206274 1229402 1247904 1261367 1273116 1283865 1284704 1269847 1243342 1214110 1182400 1153174 1132043 1117516 1101184 1084569 1070351 1057399 1043389 1029065 1011789 983111 941820 895823 848658 807541 779130 764084 754492 744682 729876 709106 684618 659985 636180 611836 581361 542169 498522 455119 413051 373296 337161 305615 273910 243296 214144 186530 718302 718302 
1967 1693177 1735087 1812617 1904621 1964787 1997335 2048731 2018590 1998246 2021661 2080256 1962399 1948067 1909235 1899913 1838135 1777590 1723096 1751115 1747668 1913759 1371623 1383776 1397934 1515761 1328186 1245020 1195105 1178901 1157778 1166613 1108403 1114812 1077295 1118523 1144627 1165950 1184396 1207837 1230783 1249062 1262451 1273059 1281827 1280910 1265272 1237818 1208150 1177176 1149536 1129862 1116168 1101990 1086513 1070959 1055426 1039729 1019962 996361 965303 926026 879079 837873 805022 780963 764299 754311 740306 718597 692480 666299 641213 614220 586224 553616 514991 471003 427998 386714 348060 314922 283204 253040 224015 196414 760343 760343 
1968 1647995 1685558 1701601 1823662 1929314 1958542 2005374 2054741 1987847 2017688 2090985 2029956 1972336 1947308 1949828 1888762 1823140 1791255 1748533 1762617 1785317 1877322 1368963 1378056 1439090 1502456 1316237 1260855 1199157 1176350 1212514 1122102 1115697 1108864 1099617 1118854 1146847 1167923 1186371 1209679 1232380 1250600 1262630 1270961 1277871 1276185 1259406 1232283 1204513 1175720 1149270 1130669 1117847 1102809 1084756 1066751 1049414 1028986 1004230 979024 949814 909258 868613 836151 807861 781979 764967 750302 728696 701247 673523 647109 618846 588087 557673 525418 486075 442355 400076 359902 324584 291168 261224 233005 206052 800192 800192 
1969 1670172 1640027 1650714 1712976 1847931 1920697 1969283 2009223 2024654 2008378 2092808 2032748 2041110 1975377 1985935 1940884 1874395 1835571 1818492 1766554 1797722 1743538 1867491 1360085 1421222 1421780 1484173 1332675 1263523 1194694 1237455 1158886 1129559 1108134 1133921 1099185 1120482 1148269 1169524 1188001 1211183 1233967 1250717 1260212 1266547 1272643 1269552 1253810 1229740 1204717 1176786 1151570 1132465 1116812 1098095 1077906 1058150 1036971 1013012 987533 964046 933220 899254 867737 839963 809483 783029 760477 737325 709467 680401 652523 622906 591010 558176 528540 495671 456831 414136 373236 336870 301102 269424 241252 214786 848499 848499 
1970 1717588 1669166 1613652 1671424 1743234 1843219 1935918 1970927 1977340 2040338 2090280 2032065 2046475 2048903 2012653 1981881 1931067 1890116 1867783 1846281 1805353 1756024 1737347 1855570 1392873 1405652 1410933 1511828 1332738 1253903 1255765 1173709 1168495 1126703 1147153 1129200 1112611 1135141 1135995 1166845 1238037 1208774 1227055 1228005 1246428 1273684 1258214 1250747 1263785 1230933 1254709 1193968 1138925 1104525 1093951 1094093 1065618 1050913 1017098 997532 1008766 950616 923026 878314 863116 843470 809183 779168 716616 739015 725128 657445 607061 584251 570759 539141 493721 467309 418180 379919 369836 330756 275637 239177 213536 934010 934010 
1971 1758210 1711091 1640724 1635101 1702415 1741914 1862992 1947828 1947611 2009231 2122333 2029485 2049379 2058132 2086599 2010220 1972155 1944364 1916698 1897102 1872253 1754919 1750131 1731071 1920683 1377357 1392987 1437071 1513785 1340531 1325656 1196116 1188577 1165118 1160999 1147211 1129812 1114191 1133907 1140600 1172177 1237204 1207729 1221681 1223664 1240937 1266699 1254265 1248371 1269412 1226171 1256846 1190706 1131740 1094056 1083303 1084874 1055773 1040704 1009642 981225 999092 947117 926868 884257 865334 843395 800328 762085 694226 708185 702415 631315 581548 557739 545809 516449 471717 448343 397540 358099 351374 312422 257326 219913 977037 977037 
1972 1616943 1744335 1684507 1663087 1664780 1700928 1758507 1877643 1919822 1983686 2084483 2065099 2042781 2060785 2093470 2084981 2001665 1983502 1965523 1952341 1918750 1821840 1749472 1745505 1787577 1901185 1365819 1418574 1433048 1534183 1407463 1265934 1210712 1184364 1200348 1158179 1145408 1131742 1110559 1142621 1147297 1166763 1236522 1201225 1219385 1218046 1233765 1263323 1250092 1258215 1258029 1231825 1253013 1184170 1121002 1082903 1074790 1075584 1046302 1036068 986273 977807 997414 950074 932190 885512 864179 832975 783835 739237 659983 690166 675115 608241 555889 533091 525192 494853 454079 425562 370583 341643 332100 293059 235455 1020312 1020312 
1973 1529940 1597990 1720452 1708343 1692790 1663345 1715182 1775567 1846212 1960271 2052838 2033082 2074912 2054403 2094410 2093787 2078563 2012242 2000187 2008915 1970431 1869758 1816774 1746717 1797921 1773233 1884209 1390005 1408310 1463909 1598752 1347631 1280625 1205641 1219826 1194341 1153776 1147514 1125475 1123053 1150874 1137583 1166483 1228866 1201143 1213797 1210960 1231230 1257807 1264706 1240789 1268468 1227824 1247809 1173372 1109418 1075046 1065927 1066628 1044180 1004914 988656 977056 999975 953829 932830 883013 851832 816949 760715 698848 646442 662659 655005 583266 531369 514082 503606 478670 428546 392508 356119 320326 310574 267644 1068662 1068662 
1974 1495976 1506472 1579340 1745514 1737819 1690633 1674694 1734293 1741272 1889580 2023216 2006883 2039248 2087049 2086255 2096841 2089929 2088534 2024287 2051308 2023217 1922717 1865011 1815639 1794760 1787090 1758493 1914165 1374580 1450032 1516194 1535205 1362351 1274465 1241443 1210913 1187501 1156528 1139004 1142523 1132838 1136938 1137719 1158164 1231097 1195681 1206841 1209475 1224694 1277419 1241204 1255626 1264251 1223734 1236750 1161406 1102498 1066941 1057833 1067619 1006076 1014206 989337 978385 1003336 953725 930030 869225 836920 793197 714775 690412 619740 645739 631109 559478 514900 493488 489844 451318 391012 382076 334421 297347 281826 1141194 1141194 
1975 1538983 1468227 1492981 1604691 1776568 1736921 1701529 1697713 1698167 1788235 1946775 1983887 2010570 2052497 2118455 2091518 2096348 2099650 2096616 2083791 2062331 1977713 1919317 1866708 1861910 1788522 1774090 1787517 1885425 1427322 1493346 1460437 1551302 1355611 1312667 1230188 1202284 1191539 1146187 1161248 1154718 1115473 1138087 1129120 1162795 1225902 1189137 1206564 1201991 1248608 1247793 1260634 1251431 1261726 1213448 1224718 1155800 1095411 1060080 1061995 1022124 1022016 1017083 989846 980138 1003021 950046 914537 855340 813255 740873 711525 662992 605041 623263 608280 546003 495500 481720 461154 408978 384172 360526 310869 266452 1227263 1227263 
1976 1522547 1504606 1457971 1518106 1633112 1775560 1745798 1727501 1658128 1747700 1837179 1912938 1983204 2022937 2080381 2124319 2091945 2103363 2101117 2164054 2089589 2018135 1974686 1922964 1909590 1858794 1776264 1802462 1753060 1971197 1460678 1442411 1476067 1542246 1396408 1297862 1219095 1206834 1178244 1172861 1175196 1132656 1116961 1128506 1135606 1157726 1218991 1189517 1197778 1229748 1213238 1271767 1255909 1249805 1251134 1200784 1219796 1148807 1089099 1066749 1009621 1045012 1026240 1016834 989672 978070 998725 932441 901652 831735 754907 743841 684016 652152 584119 601028 599081 527143 484792 450985 412924 405723 361373 335437 276875 1290476 1290476 
1977 1599143 1482536 1496239 1482890 1544176 1631851 1781665 1774633 1682514 1710065 1790126 1809144 1908228 1994952 2047811 2087346 2126321 2096972 2098845 2175021 2164455 2046717 2014885 1979490 1961401 1908870 1845641 1802686 1759117 1845841 2001290 1414333 1457475 1467010 1589174 1376970 1282990 1223592 1190100 1209518 1188083 1147911 1134235 1106265 1136732 1130280 1150819 1219972 1179507 1229683 1188785 1240863 1266616 1255352 1239047 1237953 1196648 1213051 1143848 1099068 1007261 1038431 1051110 1024976 1015532 986625 972533 978840 920871 877461 767285 763927 715628 676957 632849 562788 594940 582115 519667 453405 399347 413857 382876 335813 298470 1364562 1364562 
1978 1624209 1551157 1477745 1523677 1509379 1544746 1637288 1815931 1726166 1741368 1748939 1768850 1803289 1921693 2019586 2058757 2094020 2132619 2089906 2182588 2173688 2125869 2047208 2024911 2017302 1967297 1898900 1874645 1754754 1868659 1865755 1945310 1431579 1451158 1513287 1565939 1360633 1290455 1205809 1228186 1228805 1157847 1151567 1123931 1117859 1132670 1124864 1153870 1210403 1216640 1184024 1221286 1236623 1268469 1245821 1226750 1235659 1191652 1210652 1158153 1031420 1042983 1046157 1049361 1022230 1011675 979597 950714 968958 896534 804619 781915 734790 712468 658283 611417 554870 577744 578417 485661 396178 401347 389513 355078 295413 1442821 1442821 
1979 1673345 1568665 1548649 1505793 1550701 1510435 1548658 1672378 1763016 1791381 1776841 1733030 1760631 1816904 1944053 2032784 2068177 2099495 2120578 2180746 2176821 2138076 2127076 2059503 2058691 2027047 1957619 1927190 1817030 1877469 1876915 1818845 1964822 1425027 1495804 1488155 1543503 1368952 1268778 1249160 1249703 1193258 1162239 1140349 1138039 1113971 1127151 1128661 1143495 1253043 1165545 1221008 1216838 1239622 1258931 1233346 1225632 1231658 1189736 1229421 1079862 1075437 1052650 1043645 1045601 1017578 1003980 956492 942138 942980 816807 827126 752390 735489 695028 637544 607632 538078 575875 538944 421404 400980 376845 360793 310881 1520958 1520958 
