"year" "age0" "age1" "age2" "age3" "age4" "age5" "age6" "age7" "age8" "age9" "age10" "age11" "age12" "age13" "age14" "age15" "age16" "age17" "age18" "age19" "age20" "age21" "age22" "age23" "age24" "age25" "age26" "age27" "age28" "age29" "age30" "age31" "age32" "age33" "age34" "age35" "age36" "age37" "age38" "age39" "age40" "age41" "age42" "age43" "age44" "age45" "age46" "age47" "age48" "age49" "age50" "age51" "age52" "age53" "age54" "age55" "age56" "age57" "age58" "age59" "age60" "age61" "age62" "age63" "age64" "age65" "age66" "age67" "age68" "age69" "age70" "age71" "age72" "age73" "age74" "age75" "age76" "age77" "age78" "age79" "age80" "age81" "age82" "age83" "age84" "age85+"
1900 919000 928000 932000 932000 928000 921000 911000 899000 884000 868000 851000 833000 816000 800000 786000 772000 756000 746000 742000 741000 740000 739000 736000 726000 712000 700000 687000 672000 654000 636000 617000 597000 580000 568000 559000 550000 540000 529000 516000 501000 486000 472000 457000 439000 420000 401000 382000 366000 355000 347000 339000 332000 320000 304000 282000 262000 242000 226000 215000 208000 201000 195000 186000 176000 165000 155000 144000 134000 125000 115000 106000 98000 90000 82000 75000 441000 441000 
1901 938000 945000 947000 946000 940000 932000 921000 908000 893000 877000 860000 841000 825000 810000 797000 784000 769000 759000 755000 756000 756000 756000 753000 744000 730000 717000 704000 689000 671000 652000 631000 610000 592000 580000 572000 563000 554000 543000 529000 514000 499000 484000 467000 449000 430000 412000 391000 375000 364000 356000 348000 342000 331000 313000 291000 271000 249000 231000 220000 214000 206000 199000 191000 181000 169000 158000 148000 137000 128000 119000 109000 100000 91000 84000 77000 452000 452000 
1902 959000 964000 964000 960000 953000 944000 932000 917000 903000 885000 868000 851000 834000 820000 809000 796000 783000 774000 772000 773000 774000 774000 771000 762000 749000 735000 723000 707000 689000 667000 647000 624000 605000 594000 586000 576000 569000 558000 543000 527000 511000 495000 479000 460000 441000 421000 402000 385000 374000 367000 359000 353000 342000 323000 300000 278000 256000 238000 227000 219000 211000 204000 195000 185000 173000 162000 152000 141000 131000 122000 112000 103000 94000 86000 78000 463000 463000 
1903 978000 980000 978000 972000 964000 952000 940000 925000 909000 893000 876000 858000 843000 829000 819000 808000 796000 789000 787000 789000 791000 792000 790000 781000 767000 755000 741000 725000 705000 684000 661000 637000 618000 606000 599000 591000 582000 572000 558000 540000 523000 506000 489000 470000 450000 431000 411000 394000 384000 376000 369000 363000 352000 333000 309000 286000 263000 244000 232000 225000 216000 208000 200000 189000 177000 166000 155000 145000 134000 125000 115000 105000 96000 87000 79000 475000 475000 
1904 998000 996000 992000 985000 974000 962000 948000 933000 917000 900000 884000 867000 852000 840000 831000 820000 811000 805000 804000 807000 809000 811000 809000 800000 787000 774000 761000 743000 723000 700000 677000 652000 632000 620000 613000 604000 598000 587000 571000 552000 535000 518000 499000 481000 461000 441000 421000 404000 394000 387000 381000 375000 364000 343000 318000 295000 270000 250000 238000 230000 221000 213000 204000 193000 182000 170000 159000 149000 139000 128000 118000 108000 98000 88000 79000 486000 486000 
1905 1019000 1014000 1007000 997000 986000 972000 957000 942000 925000 909000 892000 876000 862000 851000 843000 835000 825000 821000 821000 826000 829000 832000 831000 822000 808000 794000 780000 764000 743000 718000 694000 667000 647000 635000 628000 621000 613000 603000 587000 566000 547000 529000 509000 490000 471000 452000 431000 415000 404000 398000 392000 386000 375000 354000 328000 303000 278000 257000 244000 235000 227000 219000 209000 199000 186000 174000 164000 152000 142000 131000 120000 110000 101000 91000 82000 498000 498000 
1906 1040000 1032000 1022000 1010000 996000 982000 965000 949000 933000 917000 901000 885000 871000 862000 855000 849000 841000 838000 839000 844000 848000 852000 851000 843000 829000 814000 801000 783000 761000 737000 711000 684000 662000 650000 644000 636000 630000 619000 602000 579000 560000 539000 519000 499000 480000 462000 442000 426000 416000 410000 403000 399000 387000 366000 338000 312000 285000 263000 249000 242000 233000 225000 216000 204000 191000 179000 168000 156000 145000 134000 123000 113000 103000 93000 83000 511000 511000 
1907 1059000 1047000 1035000 1021000 1005000 990000 973000 956000 939000 924000 908000 893000 881000 873000 867000 862000 856000 854000 857000 862000 866000 871000 871000 863000 848000 834000 820000 802000 779000 753000 727000 699000 678000 666000 660000 652000 646000 635000 617000 593000 571000 549000 528000 509000 490000 472000 452000 437000 427000 421000 415000 410000 399000 376000 348000 320000 292000 269000 256000 248000 239000 230000 221000 209000 197000 184000 172000 161000 149000 138000 127000 116000 105000 95000 85000 523000 523000 
1908 1080000 1064000 1049000 1033000 1016000 999000 982000 965000 949000 933000 918000 904000 893000 885000 881000 876000 872000 871000 874000 880000 886000 891000 892000 883000 869000 854000 840000 821000 798000 772000 745000 716000 694000 681000 676000 669000 663000 652000 632000 607000 583000 559000 538000 518000 501000 483000 464000 450000 440000 434000 427000 422000 411000 388000 358000 329000 301000 277000 262000 254000 245000 238000 227000 216000 202000 189000 178000 165000 153000 141000 130000 119000 107000 97000 87000 536000 536000 
1909 1099000 1081000 1064000 1046000 1027000 1010000 992000 975000 958000 944000 930000 916000 906000 899000 896000 891000 888000 887000 892000 900000 905000 911000 912000 904000 889000 874000 860000 841000 818000 791000 763000 733000 711000 699000 694000 687000 681000 671000 649000 622000 596000 570000 547000 528000 512000 494000 476000 463000 453000 447000 440000 436000 424000 400000 368000 339000 308000 284000 269000 262000 253000 244000 235000 222000 208000 194000 182000 169000 158000 145000 133000 121000 110000 99000 89000 551000 551000 
1910 1120000 1099000 1080000 1061000 1041000 1023000 1005000 988000 972000 958000 944000 931000 921000 914000 911000 907000 905000 904000 910000 917000 923000 929000 931000 922000 908000 893000 879000 861000 837000 810000 782000 752000 728000 717000 712000 706000 701000 689000 666000 637000 610000 582000 558000 539000 523000 508000 491000 477000 469000 462000 454000 450000 437000 412000 380000 349000 317000 292000 277000 269000 260000 252000 243000 229000 214000 201000 187000 174000 162000 148000 136000 124000 113000 102000 92000 567000 567000 
1911 1133000 1112000 1093000 1073000 1054000 1036000 1018000 1001000 985000 971000 958000 946000 935000 928000 923000 917000 911000 910000 915000 922000 928000 935000 936000 929000 916000 903000 891000 873000 849000 822000 794000 763000 739000 729000 726000 721000 717000 706000 682000 650000 621000 590000 565000 548000 535000 520000 505000 492000 482000 474000 466000 460000 446000 420000 388000 357000 325000 299000 284000 277000 268000 260000 250000 237000 221000 206000 192000 179000 165000 151000 139000 127000 115000 104000 94000 578000 578000 
1912 1145000 1124000 1105000 1085000 1067000 1049000 1032000 1015000 1001000 986000 973000 962000 951000 942000 934000 926000 918000 916000 919000 926000 932000 938000 939000 933000 922000 911000 900000 884000 861000 833000 805000 774000 751000 741000 739000 735000 733000 722000 697000 664000 632000 600000 573000 557000 546000 533000 520000 509000 498000 488000 478000 470000 455000 429000 396000 365000 332000 306000 291000 285000 276000 268000 259000 244000 227000 212000 196000 183000 168000 155000 141000 128000 118000 107000 98000 592000 592000 
1913 1160000 1141000 1122000 1103000 1086000 1069000 1053000 1036000 1022000 1008000 995000 984000 971000 960000 949000 939000 928000 923000 925000 931000 937000 942000 944000 939000 930000 920000 911000 897000 874000 846000 818000 788000 765000 756000 755000 753000 753000 742000 716000 681000 647000 612000 584000 568000 560000 549000 538000 527000 515000 503000 492000 482000 465000 439000 406000 375000 341000 316000 301000 294000 285000 278000 268000 252000 235000 218000 203000 187000 172000 158000 144000 131000 121000 110000 101000 608000 608000 
1914 1173000 1155000 1138000 1121000 1105000 1089000 1073000 1058000 1045000 1030000 1017000 1006000 993000 979000 964000 951000 936000 928000 929000 935000 941000 946000 947000 944000 936000 928000 922000 909000 887000 859000 831000 801000 779000 771000 772000 771000 772000 762000 735000 697000 661000 624000 595000 580000 574000 566000 557000 547000 534000 520000 506000 493000 475000 448000 415000 383000 351000 325000 310000 303000 295000 287000 278000 262000 243000 226000 209000 192000 177000 162000 148000 135000 123000 113000 106000 625000 625000 
1915 1179000 1164000 1149000 1134000 1119000 1105000 1090000 1077000 1063000 1050000 1037000 1025000 1011000 994000 976000 959000 942000 930000 929000 934000 938000 942000 943000 941000 936000 931000 927000 915000 895000 868000 840000 809000 788000 781000 785000 785000 787000 778000 750000 711000 672000 633000 603000 590000 586000 580000 574000 565000 551000 534000 517000 503000 483000 455000 423000 392000 358000 333000 319000 311000 304000 297000 286000 270000 250000 232000 214000 196000 180000 164000 150000 137000 126000 117000 111000 640000 640000 
1916 1183000 1170000 1159000 1146000 1134000 1121000 1109000 1096000 1083000 1069000 1055000 1044000 1029000 1009000 987000 967000 945000 930000 927000 932000 935000 937000 939000 937000 934000 932000 930000 921000 901000 874000 847000 817000 797000 792000 796000 798000 802000 794000 765000 724000 684000 643000 612000 600000 598000 594000 591000 583000 568000 548000 529000 512000 490000 462000 430000 399000 366000 341000 327000 320000 313000 306000 296000 279000 257000 238000 219000 202000 184000 167000 152000 139000 128000 120000 115000 655000 655000 
1917 1185000 1176000 1167000 1159000 1148000 1138000 1127000 1115000 1103000 1090000 1076000 1064000 1048000 1025000 999000 974000 949000 931000 924000 923000 922000 922000 922000 921000 922000 921000 923000 917000 900000 875000 850000 822000 803000 801000 807000 811000 818000 810000 780000 737000 696000 652000 621000 609000 611000 609000 607000 601000 583000 561000 540000 521000 498000 469000 438000 408000 375000 350000 335000 330000 322000 315000 305000 287000 264000 244000 225000 206000 187000 171000 156000 143000 132000 124000 119000 669000 669000 
1918 1187000 1181000 1175000 1169000 1162000 1154000 1145000 1135000 1124000 1111000 1097000 1082000 1064000 1041000 1015000 990000 966000 937000 899000 857000 816000 774000 749000 752000 771000 788000 810000 823000 821000 810000 801000 790000 786000 793000 806000 815000 827000 822000 793000 749000 707000 660000 627000 618000 623000 623000 624000 618000 600000 575000 551000 529000 504000 476000 445000 415000 383000 358000 345000 338000 331000 325000 314000 296000 272000 250000 230000 210000 192000 174000 159000 146000 135000 127000 124000 683000 683000 
1919 1169000 1170000 1169000 1168000 1163000 1159000 1151000 1142000 1132000 1118000 1105000 1091000 1072000 1044000 1012000 981000 950000 923000 904000 892000 878000 864000 857000 860000 868000 876000 887000 890000 879000 858000 838000 816000 803000 805000 816000 824000 835000 830000 799000 754000 711000 665000 632000 624000 630000 632000 634000 628000 610000 582000 556000 532000 506000 477000 448000 418000 387000 363000 350000 344000 336000 330000 320000 301000 276000 254000 233000 213000 193000 176000 160000 147000 137000 129000 127000 690000 690000 
1920 1154000 1172000 1183000 1190000 1190000 1187000 1179000 1168000 1153000 1136000 1117000 1096000 1073000 1048000 1021000 994000 967000 946000 931000 922000 912000 901000 897000 904000 917000 929000 945000 947000 928000 895000 863000 829000 808000 809000 824000 835000 848000 846000 821000 779000 741000 700000 668000 652000 645000 636000 626000 614000 598000 578000 561000 544000 522000 494000 461000 429000 396000 369000 356000 351000 344000 339000 328000 308000 282000 259000 237000 215000 196000 177000 161000 148000 138000 133000 131000 690000 690000 
1921 1202000 1206000 1208000 1206000 1202000 1195000 1187000 1177000 1164000 1149000 1134000 1118000 1098000 1074000 1048000 1022000 996000 973000 956000 941000 928000 912000 906000 914000 929000 944000 963000 967000 946000 911000 877000 840000 817000 817000 832000 842000 854000 853000 829000 792000 756000 721000 690000 671000 659000 644000 628000 613000 598000 584000 571000 559000 540000 512000 477000 443000 408000 382000 367000 359000 350000 342000 331000 311000 288000 265000 245000 225000 205000 187000 170000 155000 142000 133000 126000 706000 706000 
1922 1232000 1228000 1222000 1217000 1210000 1203000 1194000 1184000 1173000 1160000 1147000 1133000 1116000 1094000 1068000 1043000 1018000 995000 975000 956000 938000 918000 909000 913000 927000 940000 956000 959000 942000 912000 884000 854000 834000 829000 834000 836000 839000 834000 816000 790000 766000 741000 717000 695000 673000 650000 626000 606000 594000 586000 578000 570000 556000 528000 494000 461000 427000 399000 380000 367000 353000 339000 324000 307000 287000 269000 252000 234000 217000 198000 181000 165000 148000 131000 114000 721000 721000 
1923 1242000 1237000 1232000 1226000 1219000 1213000 1205000 1196000 1185000 1174000 1162000 1150000 1134000 1113000 1090000 1066000 1044000 1021000 1001000 982000 964000 944000 932000 931000 935000 940000 945000 946000 937000 922000 908000 894000 881000 869000 859000 848000 834000 822000 809000 796000 782000 769000 751000 726000 696000 667000 636000 612000 597000 589000 580000 571000 557000 534000 505000 478000 451000 425000 402000 382000 361000 340000 321000 305000 291000 276000 261000 246000 230000 213000 195000 176000 154000 131000 105000 738000 738000 
1924 1262000 1254000 1247000 1239000 1232000 1224000 1215000 1206000 1197000 1186000 1175000 1164000 1150000 1132000 1112000 1091000 1071000 1052000 1032000 1014000 996000 979000 964000 955000 949000 943000 936000 933000 932000 933000 934000 936000 931000 914000 889000 864000 837000 817000 807000 803000 797000 792000 778000 753000 721000 689000 656000 629000 610000 598000 583000 569000 553000 533000 512000 492000 472000 450000 425000 398000 372000 345000 322000 307000 296000 283000 270000 256000 242000 226000 207000 186000 162000 134000 102000 758000 758000 
1925 1252000 1254000 1254000 1252000 1248000 1242000 1233000 1224000 1213000 1201000 1188000 1173000 1158000 1141000 1124000 1107000 1090000 1072000 1054000 1034000 1016000 1000000 984000 968000 955000 941000 925000 919000 924000 936000 947000 961000 961000 941000 907000 875000 839000 814000 806000 808000 808000 806000 797000 774000 742000 712000 681000 652000 629000 610000 590000 569000 550000 532000 516000 501000 487000 468000 443000 412000 383000 354000 329000 313000 302000 290000 277000 263000 249000 232000 214000 193000 168000 140000 107000 779000 779000 
1926 1202000 1227000 1246000 1257000 1262000 1262000 1257000 1248000 1236000 1220000 1203000 1182000 1162000 1148000 1136000 1123000 1109000 1094000 1075000 1055000 1035000 1018000 1000000 982000 964000 948000 929000 920000 926000 941000 955000 971000 973000 952000 917000 883000 846000 821000 814000 819000 820000 822000 814000 792000 760000 730000 700000 670000 646000 624000 601000 577000 555000 538000 525000 511000 499000 481000 455000 424000 394000 364000 338000 321000 310000 297000 282000 268000 253000 237000 219000 199000 175000 149000 118000 802000 802000 
1927 1169000 1210000 1240000 1260000 1271000 1275000 1273000 1265000 1252000 1235000 1215000 1191000 1170000 1158000 1150000 1139000 1129000 1116000 1098000 1077000 1057000 1038000 1019000 999000 980000 961000 941000 929000 933000 944000 954000 967000 969000 952000 923000 897000 868000 847000 838000 838000 834000 830000 820000 799000 772000 746000 719000 693000 667000 642000 615000 589000 565000 547000 534000 519000 506000 487000 463000 434000 406000 377000 352000 334000 320000 304000 287000 271000 255000 239000 220000 202000 181000 159000 135000 827000 827000 
1928 1143000 1191000 1227000 1252000 1269000 1276000 1277000 1271000 1260000 1246000 1226000 1202000 1183000 1172000 1165000 1156000 1146000 1133000 1115000 1095000 1076000 1056000 1038000 1017000 997000 977000 958000 944000 939000 942000 945000 947000 946000 937000 925000 913000 900000 888000 875000 862000 848000 833000 817000 799000 779000 759000 740000 717000 691000 663000 635000 606000 579000 560000 542000 525000 507000 488000 466000 440000 417000 392000 370000 349000 330000 311000 291000 273000 254000 237000 220000 204000 188000 172000 157000 855000 855000 
1929 1090000 1155000 1205000 1241000 1266000 1280000 1284000 1281000 1272000 1257000 1237000 1212000 1190000 1179000 1175000 1167000 1157000 1145000 1129000 1110000 1092000 1074000 1055000 1035000 1015000 996000 976000 959000 948000 939000 931000 922000 917000 918000 923000 927000 932000 928000 913000 888000 865000 840000 817000 799000 785000 768000 752000 733000 709000 682000 655000 630000 603000 579000 555000 531000 507000 483000 463000 444000 424000 404000 385000 362000 340000 317000 296000 276000 256000 239000 221000 206000 193000 181000 173000 887000 887000 
1930 1107325 1098451 1167027 1207259 1206960 1266778 1271358 1254693 1296777 1283924 1251688 1230003 1212837 1200025 1190619 1180257 1168684 1155843 1141113 1124740 1108062 1091597 1074105 1054756 1034155 1013967 994712 976460 959486 944177 929367 913361 903784 906720 918922 932017 946117 951608 939470 913002 884443 855009 827823 807116 791612 775292 757319 738562 718920 698322 677528 657170 634451 607175 576506 545420 513891 485258 462646 444901 427873 411281 393553 372850 349859 327102 304703 283674 265189 248773 232867 217527 201434 183295 163691 931276 931276 
1931 1087341 1083155 1125772 1180976 1205680 1248266 1261280 1266910 1252653 1289352 1275649 1244250 1222012 1204150 1191265 1182319 1172452 1161403 1148959 1134309 1117747 1100876 1084248 1066860 1048137 1028535 1009339 991005 973525 957054 941978 927343 911589 901750 903490 913849 924957 936899 940967 928910 903705 876521 848532 822175 800978 783896 765940 746368 726229 705732 684777 663667 642910 620203 593699 564356 534745 504841 477318 454706 436064 418019 400375 381767 360627 337577 314720 292160 270952 252269 235670 219615 204124 188062 170251 974742 974742 
1932 1035926 1064807 1114949 1139961 1179068 1243730 1242711 1255692 1262298 1250378 1281712 1267101 1236510 1213584 1194937 1181933 1173408 1164047 1153548 1141551 1126994 1110247 1093232 1076506 1059304 1041229 1022607 1004380 986942 970209 954224 939367 924892 909326 899168 899729 908230 917373 927213 929880 917897 893908 868043 841432 815866 794149 775520 755935 734781 713286 691958 670654 649249 628142 605493 579739 551692 523487 495073 468542 445900 426383 407356 388728 369302 347767 324639 301700 279022 257696 238870 222132 205976 190410 174425 1016082 1016082 
1933 984905 1016844 1103441 1126997 1139660 1216814 1237243 1238101 1250991 1258517 1248903 1274854 1259303 1229350 1205629 1186144 1172979 1164881 1156045 1146134 1134579 1120104 1103206 1086097 1069344 1052343 1034887 1017208 999908 983328 967307 951779 937109 922718 907267 896791 896154 902826 910063 917838 919114 907163 884317 859684 834380 809525 787279 767093 745877 723154 700323 678170 656516 634846 613429 590822 565787 538949 512001 484920 459286 436577 416198 396235 376677 356476 334525 311315 288313 265561 244160 225231 208393 192198 176599 1054325 1054325 
1934 953093 969990 1063573 1115475 1125710 1178761 1212036 1232465 1235121 1247884 1256323 1248932 1269522 1252863 1223412 1198826 1178448 1165123 1157466 1149189 1139860 1128725 1114355 1097348 1080202 1063429 1046599 1029721 1012933 996511 980745 965396 950280 935715 921325 905970 895137 893313 898212 903576 909310 909181 897206 875406 851922 827823 803629 780800 759034 736186 711899 687734 664754 642769 620856 599111 576532 552139 526355 500498 474623 449790 426970 405754 384892 364436 343445 321082 297790 274745 251946 230503 211508 194625 178425 1088954 1088954 
1935 992772 942268 1023957 1075048 1113536 1161841 1175414 1207767 1228133 1232533 1245159 1254450 1249245 1264337 1246467 1217465 1191973 1170719 1157263 1150093 1142378 1133616 1122937 1108725 1091683 1074527 1057722 1041043 1024714 1008788 993217 978237 963528 948751 934219 919828 904536 893348 890375 893521 897022 900706 899150 887093 866283 843875 820944 797351 773915 750578 726119 700295 674828 651075 628800 606644 584592 562011 538152 513291 488438 463684 439582 416653 394646 372933 351587 329848 307111 283781 260736 237945 216521 197542 180666 1119358 1119358 
1936 992701 983259 1004007 1034438 1072338 1147475 1156088 1171901 1203261 1223511 1229632 1242056 1252162 1248987 1258487 1239365 1210780 1184419 1162337 1148801 1142124 1134966 1126810 1116642 1102669 1085628 1068458 1051612 1035069 1019274 1004190 989452 975236 961099 946595 932100 917682 902460 890948 886842 888239 889865 891485 888463 876292 856414 835060 813238 790208 766159 741285 715254 687944 661259 636803 614254 591880 569517 546867 523447 499441 475532 451828 428426 405402 382656 360107 337927 315516 292483 269166 246180 223471 202168 183276 1146010 1146010 
1937 982918 989772 1051681 1014946 1031459 1104920 1141091 1150536 1168507 1198837 1218954 1226734 1238927 1249694 1248441 1252304 1231898 1203756 1176567 1153709 1140107 1133915 1127346 1119847 1110265 1096557 1079505 1062308 1045405 1028984 1013703 999436 985504 971975 958336 944102 929613 915175 900047 888216 882972 882610 882344 881870 877369 865035 846060 825699 804928 782418 757757 731372 703809 675094 647273 622138 599337 576733 553997 531199 508167 484959 461925 439215 416471 393352 369865 346526 323589 300595 277335 254083 231214 208684 187577 1170229 1170229 
1938 1027603 982308 1070684 1063188 1014102 1064174 1099770 1136335 1146549 1166658 1195979 1215933 1225348 1237174 1248507 1249113 1247314 1225622 1197926 1169928 1146285 1132598 1126920 1120986 1114205 1105214 1091743 1074645 1057383 1040388 1024052 1009246 995758 982540 969605 956440 942420 927928 913475 898424 886245 879838 877694 875501 872923 866909 854387 836233 816784 796984 774934 749625 721731 692680 662612 633660 607856 584759 561829 538626 515631 492926 470427 448198 426398 404231 380935 356716 332629 308999 285487 262042 238884 216196 193891 1195491 1195491 
1939 1040024 1029246 1069772 1086351 1062630 1047272 1059487 1095329 1132233 1143183 1165422 1193693 1213464 1224364 1235725 1247576 1249988 1242552 1219605 1192387 1163587 1139153 1125415 1120301 1115069 1109025 1100610 1087348 1070179 1052829 1035723 1019452 1005096 992304 979716 967364 954628 940826 926346 911200 896871 884309 876704 872736 868599 863894 856372 843616 826225 807628 788745 767108 741141 711796 681330 649937 619899 593417 569946 546609 522921 499715 477292 455466 433989 413014 391305 367807 342906 318151 293914 269971 246410 223426 200978 1222718 1222718 
1940 1029879 1047079 1127921 1080958 1086826 1068719 1065219 1072537 1087382 1107680 1137169 1166716 1193471 1213238 1227021 1234921 1246725 1251890 1242712 1221319 1198359 1172693 1149484 1135140 1128069 1120776 1112114 1101546 1087234 1069761 1051065 1033794 1017722 1003687 991212 980626 968501 955806 941773 926898 912568 897202 883982 875157 869509 862678 856110 847189 834082 817160 797066 778565 756953 730239 699497 668143 635591 604628 577571 553772 532289 508316 484957 462728 441392 420269 399885 378583 355153 330022 303440 279065 255100 231500 208507 185615 164194 144177 125532 108459 94008 80819 69823 61210 55181 158835 158835 
1941 1109311 1057000 1133000 1130896 1078742 1106155 1052108 1047870 1058516 1075143 1118407 1148732 1177744 1201298 1220550 1223607 1226887 1235202 1241648 1233231 1215058 1195779 1171946 1147977 1133510 1129376 1120241 1111010 1100033 1085491 1062165 1043961 1026823 1011868 998619 991572 979456 966899 953559 938941 925480 912038 896520 883032 873786 867292 860006 852702 843053 829445 804003 782551 762894 740419 713332 681518 650435 618367 587906 560973 544631 523107 498828 474768 451723 429616 408384 387461 365745 342111 312153 284874 260400 236977 214337 191579 167880 147078 128367 110901 97436 83888 71723 61486 53347 165250 165250 
1942 1191065 1117633 1146367 1152688 1139681 1087372 1090931 1030132 1025182 1039035 1099586 1133190 1164216 1192717 1213095 1207976 1213645 1213182 1218139 1225883 1233148 1217145 1200833 1178722 1153989 1135845 1127742 1117267 1107507 1096186 1077274 1055596 1037702 1020757 1006868 999686 991095 977572 964588 950594 934874 923138 910391 894691 880916 874287 866773 859027 850908 840491 817982 790257 767802 746982 723675 693048 662268 631311 599776 569857 551984 535665 513883 489255 464470 441009 418683 397198 375670 353469 325070 293985 266326 241871 219033 196676 175365 151331 131242 113814 99502 87210 74430 63244 53772 172287 172287 
1943 1379259 1207195 1211805 1164397 1151098 1121478 1067372 1071335 1009125 1003426 1076736 1121688 1154342 1186171 1214241 1204454 1192840 1203153 1199099 1200796 1221893 1237361 1220594 1207355 1187081 1165292 1141992 1132572 1120735 1110407 1091923 1075173 1054041 1036432 1019575 1010985 1001962 992489 977545 964088 947425 933990 922747 910601 894628 883945 875635 867161 858867 849885 830185 803588 775395 751930 730023 702128 673051 642663 611851 580838 560257 543905 526554 504467 479448 453919 429509 406685 384945 362839 335630 304742 274072 246376 222212 199684 179234 159457 135427 116215 101227 88421 76789 64905 54782 177999 177999 
1944 1287770 1389074 1306926 1225033 1164754 1129674 1114678 1061353 1064311 1016760 1043028 1071823 1115889 1146691 1178418 1206266 1203530 1191578 1206774 1199169 1193405 1215646 1232953 1215614 1205748 1199540 1173882 1149305 1138566 1125371 1106782 1091116 1075279 1054709 1037322 1024931 1015126 1005542 995147 978716 960493 945019 931900 921095 909509 897395 885301 875760 866265 857397 839722 814387 787171 758519 734168 708732 682862 654242 624181 593446 570624 553230 536094 517671 495212 469022 441340 416096 392832 370887 344243 313350 282954 252959 225558 201981 182161 162992 144648 120849 103220 89903 77874 66946 55998 183312 183312 
1945 1261331 1315525 1485475 1316192 1230340 1139855 1124692 1110528 1056230 1061161 1071335 1054409 1079979 1123651 1152971 1160214 1167754 1166976 1155052 1174437 1177855 1193801 1216218 1235539 1217703 1215581 1197161 1169900 1144263 1132268 1109111 1095113 1080756 1066013 1046156 1038736 1029302 1019428 1009251 997869 974454 956453 940946 928096 917678 910867 897336 884120 873313 862795 847052 823632 797610 769746 740737 715016 692502 666763 638444 608532 584099 565479 547468 529465 509889 485519 456159 427561 401529 377866 352830 322187 291659 261808 232555 206298 186475 167563 149428 132267 109541 92570 80045 68680 58393 191517 191517 
1946 1227476 1296822 1395178 1501683 1322867 1200109 1138986 1124733 1109064 1057184 1102542 1089241 1069128 1091487 1134853 1137453 1126775 1129529 1130707 1118841 1158736 1181283 1199560 1222229 1243701 1221412 1202858 1182501 1154109 1127743 1112779 1104282 1091832 1078711 1064905 1051413 1040003 1030494 1020544 1009723 994020 971655 953832 938193 925506 916770 906441 891744 877436 865404 849246 829632 805794 779061 750702 722215 700688 677984 652296 624150 598934 577759 558459 539845 520990 498335 469511 439688 410379 383782 357883 330554 300311 270225 241017 213458 192262 172941 154812 137580 122493 96886 80869 69323 58849 197781 197781 
1947 1767141 1272932 1369068 1421613 1509434 1287939 1201732 1141544 1125432 1112670 1096823 1103705 1093590 1070398 1089135 1127484 1147897 1138804 1137171 1140463 1124666 1145473 1165448 1185774 1208430 1235034 1213787 1194849 1172514 1142911 1114396 1112717 1106957 1095942 1083880 1076143 1060488 1046763 1037106 1026974 1011251 990933 968371 950633 934762 922327 910030 898724 882868 867493 851433 832145 812700 788331 760996 733470 711588 689644 666634 640818 615606 593328 570845 550846 531592 510337 480713 451576 421385 391540 363039 335847 309163 279318 249721 222026 199739 178790 159989 142616 127127 110007 85072 70042 59469 205781 205781 
1948 1622336 1795136 1359864 1401297 1424228 1469383 1291849 1206605 1144003 1131221 1151048 1094383 1098160 1091974 1065727 1073340 1110025 1137613 1130167 1124056 1136351 1146391 1165079 1183062 1206138 1226459 1223964 1203563 1184262 1159978 1128073 1116998 1116414 1113294 1103584 1096285 1086166 1069044 1052940 1043067 1029493 1007516 986351 963512 945768 929296 912579 899653 887369 870393 852825 835848 816441 797000 772198 745341 724913 702809 680382 656951 632295 609100 585679 561945 541263 520363 491537 461142 431746 401346 370164 340093 313521 287510 258221 229914 207317 185486 164955 146787 130786 113520 97258 73408 59543 214620 214620 
1949 1619499 1671192 1884808 1374748 1403439 1387787 1471481 1295147 1207108 1148402 1163486 1146897 1091467 1095301 1082610 1053247 1064815 1102234 1136987 1131021 1122125 1142431 1156669 1173045 1188898 1214264 1221624 1216436 1196821 1177088 1149992 1128994 1119329 1119771 1119129 1112707 1108762 1097081 1078400 1059769 1047816 1025670 1003536 981444 958208 940272 918578 901329 887745 874468 856090 841116 823806 804048 784648 759773 739838 718631 696208 673157 649619 625661 601406 576854 551866 530061 502744 473294 442076 412434 381411 347602 317989 291978 266628 238281 214902 192563 171294 151295 134049 116431 100015 84743 62313 226534 226534 
1950 1610341 1686351 1754498 1919107 1391679 1382477 1401978 1499744 1306316 1220275 1184464 1168718 1153672 1097841 1101978 1075995 1036231 1054332 1090240 1124518 1128444 1140969 1151428 1182886 1190651 1200200 1225572 1235509 1203248 1206085 1186220 1154989 1126484 1132312 1132542 1128026 1131319 1124573 1112142 1088834 1062922 1048283 1026924 1003072 979327 958232 929587 910998 896270 870660 863972 850731 832246 810278 791911 773102 751306 730445 712369 689227 657759 634954 612700 588345 564192 542146 519906 495147 461084 428559 393060 358381 324064 297200 270943 247856 222753 199294 177961 156937 137185 119438 101931 86686 72450 243031 243031 
1951 1684949 1690292 1756869 1777711 1921043 1360232 1385225 1418529 1486158 1310725 1247365 1183246 1168930 1151965 1098835 1063792 1087809 1040779 1048971 1075762 1117969 1143437 1119371 1184287 1187607 1175726 1223698 1257263 1168375 1221751 1227377 1184957 1123390 1152124 1153914 1130960 1140525 1135920 1129561 1106017 1063770 1061305 1048557 1022423 995596 981215 944258 929860 923472 864301 867856 865284 840135 805759 790477 779493 755898 736134 732750 714895 663697 641809 628881 602695 572049 551141 531749 511912 471755 442597 405108 370082 331014 305866 276559 257235 231422 205721 184773 162429 140301 122450 102536 86975 72652 261001 261001 
1952 1745913 1759790 1753093 1777002 1781563 1884204 1362308 1401399 1406117 1490590 1337997 1246907 1184174 1166052 1155347 1064170 1072433 1092240 1036937 1034521 1069025 1130597 1123459 1149133 1186056 1171752 1198808 1253323 1194612 1181464 1241836 1229446 1155026 1148192 1172685 1150886 1142760 1147138 1135203 1123125 1084982 1062761 1058584 1044559 1016731 996729 968436 944174 941242 893545 859151 867131 854858 815505 787233 779304 763224 741837 738322 731043 688670 647593 634236 617044 585799 558728 539903 522241 489042 453961 418467 381562 343513 312840 284777 261673 240090 214207 190170 168544 145125 124878 104772 87081 72513 278127 278127 
1953 1804555 1811834 1814632 1768222 1781037 1751606 1883949 1376699 1388107 1409078 1517918 1337257 1247516 1179063 1170784 1121264 1068939 1075931 1088845 1021444 1026919 1078197 1111858 1150886 1147713 1168708 1193850 1224554 1195255 1201610 1197829 1245759 1199492 1178450 1166139 1167009 1160910 1150159 1139401 1127315 1105114 1083476 1055886 1053969 1039591 1015948 984149 966950 953290 912864 885314 855625 856353 831596 797806 777087 763929 750295 743941 731988 704209 672286 638275 620253 599409 572211 546711 528945 500185 472252 429225 394352 355837 325378 291324 268812 243876 222875 197803 173378 150762 129240 106571 88845 72070 293362 293362 
1954 1866924 1863552 1859470 1827350 1774315 1757127 1750731 1902883 1363750 1390775 1433130 1517719 1338342 1240525 1185917 1139473 1123044 1072771 1075298 1073623 1015588 1035947 1064936 1140572 1149925 1132395 1192710 1219299 1175162 1198696 1218020 1205980 1219153 1224182 1196684 1160395 1177547 1171532 1137618 1132267 1114766 1105279 1074487 1052739 1051782 1038784 1005465 982977 975646 928364 903013 880711 846002 836157 816115 790124 763972 753476 753742 734341 706083 688815 662660 623313 603018 586582 560411 535145 508560 485092 447496 405065 369997 338189 303865 274744 250960 227253 206268 181220 155857 135136 110936 90772 73737 308261 308261 
1955 1923184 1918117 1903425 1869138 1835232 1756241 1755105 1767723 1883933 1365725 1412355 1433664 1519124 1329003 1249862 1157562 1138024 1127119 1074316 1060628 1068742 1024081 1026589 1092574 1138905 1134813 1156365 1216592 1175987 1173737 1213404 1229355 1182768 1243312 1241616 1189416 1170227 1190530 1153015 1130476 1124535 1115921 1093436 1072270 1052769 1050333 1029926 1004095 990532 953537 916196 896516 871491 828280 822238 810175 778403 755117 757286 740112 708656 691057 678197 646166 605954 590322 574334 547597 515755 494399 459542 422454 381355 352036 315824 285829 255927 234094 209473 189008 163123 139682 116074 94611 75034 321983 321983 
1956 1963108 1966740 1950751 1910546 1879642 1823230 1753791 1772187 1750772 1885697 1385294 1414145 1436176 1507118 1341995 1224146 1153355 1142830 1131577 1060805 1057652 1077700 1018651 1054058 1090978 1124974 1160584 1179060 1180170 1170504 1187212 1228395 1208497 1205959 1260139 1233195 1199367 1185805 1166330 1146151 1127908 1126866 1101297 1092206 1074669 1050636 1043172 1028304 1010480 971540 938921 907791 887811 855933 815888 817784 799549 770756 758685 739018 713965 693326 678585 659417 627960 592788 576972 559698 528839 502097 467634 433215 399087 362660 328378 295806 265575 238275 214584 190878 169711 145761 119207 98547 77547 330493 330493 
1957 2053879 1997197 1990517 1954122 1922689 1873133 1819059 1769867 1754686 1751716 1908105 1387388 1416698 1422541 1523677 1317424 1215361 1157235 1148494 1116541 1057727 1064524 1073606 1044739 1050718 1077286 1150705 1181419 1149469 1169409 1181828 1204422 1209360 1230826 1220591 1249956 1242678 1217546 1155848 1159176 1148222 1130675 1108645 1100303 1096366 1071268 1044672 1040750 1032994 994222 953938 927995 899128 874215 844769 812730 808366 793459 774780 736201 712867 698709 679373 657930 640788 614843 578707 560763 542093 516429 474719 440691 410993 380553 338557 307204 275014 248204 217990 195674 171372 152151 124775 101365 80913 339889 339889 
1958 2072535 2078037 2010345 1988848 1966943 1921033 1866260 1833828 1751074 1754000 1769366 1910419 1389563 1400640 1439869 1498982 1302960 1218188 1163791 1131768 1112037 1061622 1061238 1098489 1038279 1035853 1100568 1168023 1155841 1132804 1177294 1200135 1186301 1229016 1242619 1207990 1257557 1262745 1179693 1147482 1165051 1150591 1108001 1107031 1105381 1090919 1065835 1040792 1042918 1018952 972787 939657 918582 886800 863575 842551 803724 803023 797404 747243 709443 697075 682717 656234 638245 626858 599174 559801 543071 529834 487248 446046 418552 391417 354766 314867 284500 256525 225705 197323 174597 152283 129552 105766 82631 346023 346023 
1959 2081769 2087299 2081824 2004941 2003669 1971705 1912702 1880569 1814139 1749824 1769305 1772598 1913782 1372435 1420545 1420801 1478901 1306585 1228295 1148014 1128958 1116128 1062267 1086682 1091535 1024525 1059343 1116272 1148868 1134702 1139007 1198647 1184448 1204867 1239579 1228632 1214901 1280658 1217659 1171457 1158474 1168597 1124708 1107324 1114612 1099355 1087516 1061937 1041743 1032770 995077 956616 931125 909210 878269 863733 835526 800299 807931 766040 721265 694819 680867 659019 637572 625617 611899 580100 544573 533230 501317 459178 426277 400064 366052 330484 292109 266749 233514 204999 176292 155552 129665 110790 87272 356460 356460 
1960 2079726 2084018 2075083 2071898 2028055 2014357 1955472 1930007 1850932 1813771 1767568 1773519 1777025 1879559 1404778 1400319 1392108 1485439 1323334 1201302 1152255 1132829 1118618 1086234 1078705 1075940 1047375 1073207 1102932 1123730 1141621 1162601 1184698 1201355 1213952 1224680 1235567 1239200 1230019 1210498 1187874 1162413 1139801 1125356 1117010 1107753 1097507 1082222 1059630 1032160 1004503 975288 949439 927436 906203 882731 860099 833130 801193 767767 736335 703548 675637 656141 641930 626906 611555 593284 567929 536675 504693 473000 440155 406402 372420 338725 305594 272986 241388 211165 182694 156121 131909 110403 91863 366252 366252 
1961 2120745 2076112 2060740 2072791 2101704 2033241 1995161 1976010 1896372 1862350 1838136 1767977 1777071 1744484 1937105 1388842 1379237 1404804 1506859 1284281 1235048 1159685 1136049 1120539 1092648 1078971 1077139 1051014 1078024 1108125 1136398 1144174 1166236 1185442 1204400 1215320 1224929 1234711 1237566 1227907 1207835 1184514 1158973 1136238 1120998 1111777 1102692 1088248 1067714 1043122 1017351 988489 967058 951447 933074 907316 882356 849533 809563 770996 740050 708734 680398 658889 642556 627005 609650 593854 574560 547863 515430 482912 449178 414103 379243 345430 312822 280347 248591 218143 189582 162428 137435 115046 95320 372709 372709 
1962 2076625 2115331 2050911 2060153 2102309 2105883 2016615 2015113 1942948 1909927 1893602 1832643 1773348 1748933 1796820 1918224 1369907 1391957 1423733 1469619 1320597 1238925 1159775 1135223 1129985 1091744 1078129 1081287 1055224 1082223 1126289 1131675 1147201 1164983 1190269 1204685 1214734 1223523 1232803 1235188 1224723 1203774 1179972 1153983 1130525 1114769 1105870 1093445 1074689 1052405 1029070 1001992 979719 967051 954584 932216 905182 870919 826339 780629 744578 713745 686775 664487 645709 627693 609499 591091 573781 553022 525232 492478 457977 421965 385595 350844 317978 285974 254336 223758 195139 167891 142489 119552 99280 374332 374332 
1963 2041991 2070958 2088512 2052519 2089397 2105237 2091034 2035209 1982145 1958005 1947671 1881245 1839304 1749139 1799610 1781807 1893178 1381970 1408979 1394933 1510299 1319719 1234779 1155399 1147072 1127211 1088288 1082309 1084743 1058056 1105180 1114209 1133943 1143824 1171310 1189176 1202885 1212366 1221111 1230309 1232075 1221014 1199506 1174844 1147721 1123497 1107588 1095714 1079858 1059987 1039005 1014726 993352 978282 967811 951479 927695 891913 846839 797128 753833 717755 691043 669899 650341 630112 609716 590393 570071 550945 528875 500709 465799 428951 391660 355608 321864 289725 258702 228382 199884 172577 147192 123932 103189 376711 376711 
1964 2011685 2034643 2042873 2091903 2081351 2091078 2092928 2108654 2002719 1998582 2002242 1927425 1888335 1817407 1797575 1786888 1760388 1908243 1398204 1387456 1434533 1504612 1311881 1227339 1170731 1143312 1121690 1093200 1085371 1086948 1086010 1086597 1116145 1128861 1151905 1169053 1186315 1199631 1209440 1218396 1227073 1228440 1216687 1193976 1167959 1140073 1115483 1097203 1082908 1066553 1047970 1026374 1006851 991098 977227 963031 945189 913353 867880 818382 771059 727739 695727 674655 656218 635435 613111 591498 569880 547352 526665 504137 473670 436419 398441 361808 326925 294112 263130 233547 205489 178156 152610 129146 107748 386816 386816 
1965 1916766 2001515 2004312 2047132 2120072 2081094 2080795 2108461 2075430 2020083 2049184 1973573 1935008 1869228 1865141 1786893 1766658 1774111 1928843 1383976 1428339 1426411 1493370 1302768 1248401 1166780 1136166 1127364 1095698 1086428 1121099 1060876 1087881 1109158 1138552 1148435 1165227 1182374 1196367 1206539 1214897 1223181 1223584 1210282 1186160 1159584 1131323 1105123 1085431 1071067 1055734 1036620 1018596 1003010 987524 970130 954380 929346 889021 839804 792523 745047 705705 679114 660692 641224 618587 594958 570736 546687 522526 501476 476634 443685 405039 367599 331906 297846 266124 236548 209365 182426 157038 133691 112518 397502 397502 
1966 1812116 1907281 1971770 2012338 2076639 2120868 2075671 2096908 2078276 2096455 2078940 2013664 1983241 1920198 1917101 1857610 1769597 1781387 1792056 1917488 1424834 1415031 1410930 1477725 1327633 1242619 1157794 1143538 1130906 1097500 1127721 1090170 1063491 1081028 1122173 1135444 1144996 1161721 1179825 1194440 1204083 1212198 1219344 1217756 1202681 1177869 1150561 1121184 1094518 1075328 1061897 1046300 1029712 1013969 997687 978858 959782 937693 905439 862033 814827 767185 723547 689283 664974 645418 624057 599793 573132 546248 520532 496128 472838 445622 411363 373548 337172 302488 269706 239528 212547 186351 161308 137984 116722 409395 409395 
1967 1756823 1800459 1875801 1979730 2039407 2074905 2116695 2089332 2067288 2100317 2163648 2035667 2024900 1972164 1966585 1910343 1838824 1780730 1793774 1786500 1969182 1404395 1393333 1390644 1507466 1318100 1228960 1164534 1145640 1131050 1144373 1089568 1092403 1055161 1095783 1118330 1131547 1141370 1159490 1178518 1192682 1202239 1209045 1213826 1210207 1194410 1168600 1140770 1111939 1086366 1068021 1054600 1040451 1024383 1006833 987255 966496 941856 913903 879364 837835 790179 746361 707720 675656 650330 629140 606110 578547 548982 520310 494400 467726 442026 413344 379902 343047 307661 274269 243071 215654 189563 165337 142449 121379 425899 425899 
1968 1718393 1745280 1769894 1885448 2006270 2036629 2073428 2128908 2060769 2090420 2173718 2110651 2047790 2017400 2017272 1961778 1892165 1849105 1790520 1795467 1834577 1934170 1378035 1369037 1421597 1494715 1301166 1236931 1166637 1145383 1185694 1099319 1091834 1082514 1071709 1091306 1113860 1127516 1139108 1158380 1176967 1191140 1199190 1203280 1205848 1201533 1184534 1158893 1132657 1105470 1080578 1062431 1049335 1033994 1015152 994545 972960 947571 918535 889103 856167 813957 769980 730887 694120 660800 633685 610486 583782 553129 521770 493069 464965 435941 408692 380807 348190 312353 278317 246589 218385 191831 167849 145946 125564 440487 440487 
1969 1742390 1705750 1714139 1780761 1910653 2002391 2037895 2084045 2100915 2085244 2170057 2112957 2124170 2044415 2061448 2015112 1944971 1902111 1857613 1800516 1844686 1796637 1894002 1351152 1403258 1408115 1472615 1309613 1238078 1165212 1206580 1132115 1101488 1080464 1101590 1066748 1086353 1109477 1125249 1138225 1157049 1175720 1188174 1193138 1194831 1196720 1190955 1174775 1151795 1127764 1101080 1076541 1057519 1041451 1022298 1000565 977806 952489 924133 894427 866287 832384 793648 754131 716735 678637 643455 614039 586915 557079 524742 493613 462899 432637 402218 375963 348880 317343 282976 250690 222159 194665 170176 148393 128851 458991 458991 
1970 1790508 1732276 1681618 1735078 1811647 1913750 2010401 2048658 2055054 2123832 2173641 2106867 2128690 2125671 2087598 2061974 2000789 1957587 1913716 1881903 1848135 1800203 1757295 1860521 1388785 1396499 1393335 1488871 1309125 1233264 1231863 1147209 1136720 1092276 1107491 1096039 1072198 1086916 1094009 1125722 1184684 1154549 1170766 1164194 1172484 1192280 1175087 1165018 1184471 1156408 1172397 1105995 1060320 1026314 1014671 1011813 984655 959529 925843 899382 903314 841000 809970 761967 735620 706601 666122 629797 570692 565585 546846 489228 449521 428927 407575 380169 345547 320291 281045 245642 235718 208358 170352 143516 125396 496483 496483 
1971 1842884 1778185 1707607 1702135 1765616 1814863 1924328 2029736 2026653 2090131 2211594 2109649 2125557 2134607 2167846 2090576 2047164 2009499 1961661 1939069 1924352 1798547 1759447 1728507 1919125 1379621 1380257 1410743 1489382 1319618 1305577 1171201 1154965 1128265 1120468 1105625 1092536 1070786 1085605 1099596 1132411 1185216 1153960 1165284 1158852 1164862 1183946 1169314 1158749 1185351 1148649 1169835 1097877 1049095 1011693 998805 996362 968525 941549 910284 875491 886880 825184 797520 748868 720541 688795 645396 605096 544330 531810 521292 460001 421251 398877 378506 353216 319364 297607 257870 221534 215780 188680 151984 126958 509973 509973 
1972 1688622 1823076 1754942 1729006 1732055 1768012 1823972 1946311 2002702 2065242 2171946 2150606 2124100 2132378 2173042 2172079 2075960 2054479 2010225 1995159 1977039 1875145 1761503 1735631 1780631 1909521 1365035 1397176 1404443 1511490 1388021 1244310 1178649 1145490 1158172 1117237 1099674 1091031 1067160 1094811 1107944 1128037 1184801 1147365 1161746 1149996 1156878 1178902 1160148 1163256 1172460 1149446 1161083 1087932 1034551 995366 983869 980711 949895 928453 880448 865567 871486 812424 783125 732391 701209 666993 619979 577926 505837 509924 489586 432833 390529 369129 352107 326669 297834 272812 229560 203574 194666 169036 134037 522129 522129 
1973 1598306 1664339 1801880 1777555 1759251 1733648 1775904 1848116 1915608 2044981 2141835 2116561 2161473 2132423 2167663 2179318 2158236 2082759 2052470 2052366 2027942 1927896 1838574 1740925 1784485 1774212 1890311 1381412 1384648 1435995 1579100 1326084 1251222 1167651 1176301 1153346 1108845 1098268 1085319 1080055 1105312 1099258 1127678 1177194 1145684 1151659 1142293 1152399 1166833 1168489 1145262 1177183 1139983 1152729 1073426 1017679 980894 968657 961350 939178 892288 876908 850010 859139 796414 765768 711768 678635 641386 592750 533771 487698 476858 464833 402041 360766 343718 325651 307266 271793 240281 214408 180977 173413 149410 538078 538078 
1974 1569498 1570345 1647899 1825770 1808096 1759446 1739690 1801922 1813938 1959733 2116231 2091570 2123640 2171634 2164826 2176425 2167279 2165123 2078357 2103515 2079336 1978049 1891536 1819445 1785697 1779778 1757251 1910697 1363026 1426005 1491520 1512763 1332434 1238332 1199576 1169977 1142265 1107510 1090421 1102278 1092267 1092257 1098833 1119047 1177409 1134446 1144326 1138635 1137849 1179327 1145685 1153747 1167346 1133213 1138497 1056334 1004156 966524 948945 953628 897373 896311 861881 837780 842754 778637 744987 689230 653640 614323 543806 521330 454388 454759 434255 372938 337013 318197 308946 280268 236160 229348 191234 158822 152316 565110 565110 
1975 1613362 1537368 1558624 1672052 1858627 1808967 1765972 1769713 1765690 1861225 2025616 2072501 2096340 2136544 2202701 2176953 2167141 2174735 2158921 2139153 2125555 2030220 1943597 1876070 1863415 1783915 1764628 1777014 1877464 1414459 1473201 1432779 1519489 1318337 1273737 1192641 1157233 1141938 1098271 1112141 1117514 1075632 1092573 1089860 1121388 1165327 1128140 1142109 1122162 1154422 1151923 1158542 1143879 1162843 1120060 1121442 1044258 990878 946856 944319 906129 909091 882401 850030 820393 824789 757324 722362 664590 627086 559832 536585 486414 433625 424518 405468 350924 312252 303543 281212 241397 228547 205654 168511 137075 593777 593777 
1976 1592844 1574751 1528249 1582492 1702437 1858764 1814421 1799189 1729528 1814684 1919281 1987259 2072455 2109328 2162627 2215743 2167686 2172544 2164399 2228971 2153490 2075205 1995727 1929992 1916771 1862718 1768962 1783184 1737125 1960519 1451995 1418130 1438603 1501253 1356780 1264785 1177075 1156831 1129991 1123915 1129362 1096034 1075874 1082569 1093594 1108311 1159010 1126282 1122750 1141942 1122078 1168579 1147631 1140373 1149527 1102293 1110195 1031161 970546 944683 891513 925398 895572 870859 831159 801253 803146 734266 698043 638650 567126 558895 500451 468772 404333 395893 386492 326384 298591 274785 238536 237745 203857 181773 145796 605819 605819 
1977 1679661 1548926 1567180 1551964 1610944 1701703 1862542 1850960 1753341 1780461 1866707 1886591 1983142 2086076 2131155 2176820 2206848 2171505 2158589 2242052 2236042 2102784 2041230 1984536 1967682 1917930 1848204 1787145 1735305 1826754 1999444 1401181 1423372 1420466 1546988 1345672 1245611 1176678 1142294 1160299 1143244 1103131 1096365 1064894 1087887 1079531 1102380 1157794 1104687 1146494 1105292 1142330 1157446 1146038 1127439 1131316 1091284 1097108 1010201 971123 886044 916932 912479 884269 851027 811707 779215 780124 710755 672465 573232 571906 520873 485424 439415 376042 378492 362430 315332 269800 229347 238281 211889 179350 157832 627118 627118 
1978 1702179 1627354 1544519 1593363 1581422 1611500 1706027 1905153 1801291 1810557 1829660 1840620 1881078 1999380 2106467 2149534 2172026 2212650 2157421 2246605 2244121 2186210 2071583 2034328 2020740 1972546 1905656 1868134 1733155 1839260 1854972 1936590 1408170 1407063 1466213 1534971 1324431 1247084 1160936 1178421 1183724 1113495 1104651 1085242 1072835 1073660 1075138 1103004 1134845 1132835 1105763 1129752 1131416 1158337 1134181 1109728 1121799 1079806 1076559 1014683 905800 918861 904679 901900 863458 831060 788633 755703 757283 685353 599359 582857 531577 508535 455364 410407 356556 354026 356824 285253 221123 230671 211198 185783 154337 652137 652137 
1979 1752964 1642762 1624899 1571224 1623880 1581859 1615247 1748870 1850438 1864343 1857389 1808792 1832769 1898472 2016268 2127010 2146324 2177000 2195653 2254143 2242660 2196820 2157740 2069888 2069298 2029435 1962220 1926018 1804088 1849577 1857067 1800974 1942365 1390658 1452454 1453251 1507329 1326200 1228092 1202085 1204620 1148742 1115452 1092687 1095405 1057929 1069720 1076575 1078546 1167994 1088029 1134864 1118888 1134199 1147016 1116365 1101401 1111053 1058112 1085067 940496 947455 907038 893952 880029 843141 807738 765708 733811 731561 606474 617382 541572 522305 478352 426790 393999 333083 350445 321181 232063 224253 203570 184670 159741 675963 675963 
