Time	T-Bills	VWD Index 	CPI	Risk-free Rate	VW Return	Inflation	Excess TBill	Excess VWD	Date
1925.917	38.680161	.	42.187649	.	.	.	-3.50749	.	251231
1926	38.81105	1.471	42.187649	0.003384	.	0	-3.3766	-40.7166	260130
1926.083	38.9151	1.424	42.03054	0.002681	-0.03195	-0.00372	-3.11544	-40.6065	260227
1926.167	39.031601	1.332	41.79488	0.002994	-0.06461	-0.00561	-2.76328	-40.4629	260331
1926.25	39.165359	1.381	42.187649	0.003427	0.036787	0.009398	-3.02229	-40.8066	260430
1926.333	39.170391	1.401	41.951962	0.000128	0.014482	-0.00559	-2.78157	-40.551	260528
1926.417	39.305882	1.479	41.637699	0.003459	0.055675	-0.00749	-2.33182	-40.1587	260630
1926.5	39.394039	1.521	41.244888	0.002243	0.028398	-0.00943	-1.85085	-39.7239	260731
1926.583	39.49395	1.563	41.00922	0.002536	0.027613	-0.00571	-1.51527	-39.4462	260831
1926.667	39.583721	1.567	41.2449	0.002273	0.002559	0.005747	-1.66118	-39.6779	260930
1926.75	39.710171	1.524	41.402039	0.003194	-0.02744	0.00381	-1.69187	-39.878	261030
1926.833	39.832981	1.566	41.559158	0.003093	0.027559	0.003795	-1.72618	-39.9932	261130
1926.917	39.943642	1.611	41.559158	0.002778	0.028736	0	-1.61552	-39.9482	261231
1927	40.042011	1.614	41.24493	0.002463	0.001862	-0.00756	-1.20292	-39.6309	270131
1927.083	40.144901	1.687	40.930691	0.00257	0.045229	-0.00762	-0.78579	-39.2437	270228
1927.167	40.26376	1.698	40.695011	0.002961	0.00652	-0.00576	-0.43125	-38.997	270331
1927.25	40.366261	1.71	40.695011	0.002546	0.007067	0	-0.32875	-38.985	270430
1927.333	40.487679	1.808	41.009258	0.003008	0.05731	0.007722	-0.52158	-39.2013	270531
1927.417	40.59227	1.771	41.402081	0.002583	-0.02046	0.009579	-0.80981	-39.6311	270630
1927.5	40.71365	1.905	40.616482	0.00299	0.075663	-0.01897	0.097168	-38.7115	270730
1927.583	40.825901	1.953	40.380779	0.002757	0.025197	-0.0058	0.445122	-38.4278	270831
1927.667	40.911499	2.044	40.616482	0.002097	0.046595	0.005837	0.295017	-38.5725	270930
1927.75	41.01458	1.963	40.85218	0.00252	-0.03963	0.005803	0.1624	-38.8892	271031
1927.833	41.10014	2.1	40.773621	0.002086	0.069791	-0.00192	0.326519	-38.6736	271130
1927.917	41.191769	2.148	40.695049	0.002229	0.022857	-0.00193	0.49672	-38.547	271231
1928	41.296249	2.142	40.616508	0.002536	-0.00279	-0.00193	0.679741	-38.4745	280131
1928.083	41.432289	2.113	40.223709	0.003294	-0.01354	-0.00967	1.20858	-38.1107	280229
1928.167	41.554211	2.303	40.223709	0.002943	0.08992	0	1.330502	-37.9207	280331
1928.25	41.646881	2.402	40.302269	0.00223	0.042987	0.001953	1.344612	-37.9003	280430
1928.333	41.781719	2.449	40.537949	0.003238	0.019567	0.005848	1.24377	-38.0889	280531
1928.417	41.912189	2.336	40.223701	0.003123	-0.04614	-0.00775	1.688488	-37.8877	280630
1928.5	42.047379	2.36	40.223701	0.003226	0.010274	0	1.823678	-37.8637	280731
1928.583	42.18261	2.52	40.302261	0.003216	0.067797	0.001953	1.880349	-37.7823	280831
1928.667	42.295712	2.599	40.616501	0.002681	0.031349	0.007797	1.679211	-38.0175	280929
1928.75	42.4683	2.653	40.537941	0.004081	0.020777	-0.00193	1.930359	-37.8849	281031
1928.833	42.63184	2.973	40.459381	0.003851	0.120618	-0.00194	2.172459	-37.4864	281130
1928.917	42.657398	2.984	40.302238	0.0006	0.0037	-0.00388	2.35516	-37.3182	281231
1929	42.804081	3.143	40.22369	0.003439	0.053284	-0.00195	2.580391	-37.0807	290131
1929.083	42.95702	3.142	40.14513	0.003573	-0.00032	-0.00195	2.81189	-37.0031	290228
1929.167	43.104431	3.117	39.987999	0.003432	-0.00796	-0.00391	3.116432	-36.871	290328
1929.25	43.258179	3.173	39.830849	0.003567	0.017966	-0.00393	3.42733	-36.6578	290430
1929.333	43.44799	2.997	40.066528	0.004388	-0.05547	0.005917	3.381462	-37.0695	290531
1929.417	43.673611	3.295	40.223671	0.005193	0.099433	0.003922	3.44994	-36.9287	290629
1929.5	43.819698	3.446	40.616489	0.003345	0.045827	0.009766	3.203209	-37.1705	290731
1929.583	43.996281	3.735	40.773602	0.00403	0.083865	0.003868	3.222679	-37.0386	290830
1929.667	44.151119	3.552	40.69503	0.003519	-0.049	-0.00193	3.456089	-37.143	290930
1929.75	44.353569	2.854	40.69503	0.004585	-0.19651	0	3.658539	-37.841	291031
1929.833	44.519779	2.505	40.616489	0.003747	-0.12228	-0.00193	3.90329	-38.1115	291127
1929.917	44.68277	2.55	40.380791	0.003661	0.017964	-0.0058	4.301979	-37.8308	291231
1930	44.74501	2.692	40.223671	0.001393	0.055686	-0.00389	4.521339	-37.5317	300131
1930.083	44.87764	2.764	40.066559	0.002964	0.026746	-0.00391	4.811081	-37.3026	300228
1930.167	45.0336	2.976	39.830879	0.003475	0.0767	-0.00588	5.202721	-36.8549	300331
1930.25	45.12833	2.915	40.066559	0.002104	-0.0205	0.005917	5.061771	-37.1516	300430
1930.333	45.244839	2.878	39.830891	0.002582	-0.01269	-0.00588	5.413948	-36.9529	300529
1930.417	45.36668	2.424	39.595211	0.002693	-0.15775	-0.00592	5.771469	-37.1712	300630
1930.5	45.456692	2.524	39.040878	0.001984	0.041254	-0.014	6.415814	-36.5169	300731
1930.583	45.497028	2.533	38.805229	0.000887	0.003566	-0.00604	6.691799	-36.2722	300829
1930.667	45.59679	2.218	39.04089	0.002193	-0.12436	0.006073	6.5559	-36.8229	300930
1930.75	45.636238	2.032	38.805241	0.000865	-0.08386	-0.00604	6.830997	-36.7732	301031
1930.833	45.695889	1.979	38.491032	0.001307	-0.02608	-0.0081	7.204857	-36.512	301129
1930.917	45.759781	1.826	37.941151	0.001398	-0.07731	-0.01429	7.81863	-36.1152	301231
1931	45.826199	1.94	37.39127	0.001451	0.062432	-0.01449	8.434929	-35.4513	310131
1931.083	45.844841	2.151	36.841389	0.000407	0.108763	-0.01471	9.003452	-34.6904	310228
1931.167	45.904221	2.013	36.605721	0.001295	-0.06416	-0.0064	9.2985	-34.5927	310331
1931.25	45.938869	1.815	36.370049	0.000755	-0.09836	-0.00644	9.56882	-34.555	310430
1931.333	45.979061	1.574	35.977291	0.000875	-0.13278	-0.0108	10.00177	-34.4033	310529
1931.417	46.01403	1.79	35.58453	0.000761	0.13723	-0.01092	10.4295	-33.7945	310630
1931.5	46.041069	1.677	35.505959	0.000588	-0.06313	-0.00221	10.53511	-33.829	310731
1931.583	46.056999	1.678	35.427422	0.000346	0.000596	-0.00221	10.62958	-33.7494	310831
1931.667	46.06876	1.192	35.270302	0.000255	-0.28963	-0.00443	10.79846	-34.0783	310930
1931.75	46.115952	1.288	35.034618	0.001024	0.080537	-0.00668	11.08133	-33.7466	311031
1931.833	46.193119	1.173	34.64185	0.001673	-0.08929	-0.01121	11.55127	-33.4688	311130
1931.917	46.250832	1.015	34.327648	0.001249	-0.1347	-0.00907	11.92318	-33.3126	311231
1932	46.357738	1.004	33.62067	0.002311	-0.01084	-0.0206	12.73707	-32.6167	320130
1932.083	46.464378	1.062	33.149342	0.0023	0.057769	-0.01402	13.31504	-32.0873	320229
1932.167	46.540039	0.946	32.99221	0.001628	-0.10923	-0.00474	13.54783	-32.0462	320331
1932.25	46.593342	0.776	32.75655	0.001145	-0.1797	-0.00714	13.83679	-31.9805	320430
1932.333	46.621849	0.615	32.285252	0.000612	-0.20747	-0.01439	14.3366	-31.6703	320531
1932.417	46.632099	0.61	32.049561	0.00022	-0.00813	-0.0073	14.58254	-31.4396	320630
1932.5	46.64378	0.811	32.049561	0.00025	0.329508	0	14.59422	-31.2386	320730
1932.583	46.65921	1.107	31.656799	0.000331	0.364982	-0.01225	15.00241	-30.5498	320831
1932.667	46.673679	1.073	31.499689	0.00031	-0.03071	-0.00496	15.17399	-30.4267	320930
1932.75	46.682072	0.933	31.26403	0.00018	-0.13048	-0.00748	15.41804	-30.331	321031
1932.833	46.690701	0.882	31.106939	0.000185	-0.05466	-0.00502	15.58376	-30.2249	321130
1932.917	46.695728	0.921	30.792721	0.000108	0.044218	-0.0101	15.90301	-29.8717	321231
1933	46.700802	0.93	30.321409	0.000109	0.009772	-0.01531	16.37939	-29.3914	330131
1933.083	46.688419	0.806	29.85009	-0.00027	-0.13333	-0.01554	16.83833	-29.0441	330228
1933.167	46.708031	0.82	29.614429	0.00042	0.01737	-0.00789	17.0936	-28.7944	330331
1933.25	46.75375	1.134	29.53586	0.000979	0.382927	-0.00265	17.21789	-28.4019	330429
1933.333	46.773861	1.373	29.614429	0.00043	0.210758	0.00266	17.15943	-28.2414	330531
1933.417	46.784889	1.556	29.92864	0.000236	0.133285	0.01061	16.85625	-28.3726	330630
1933.5	46.793819	1.407	30.792709	0.000191	-0.09576	0.028871	16.00111	-29.3857	330731
1933.583	46.805698	1.579	31.10692	0.000254	0.122246	0.010204	15.69878	-29.5279	330831
1933.667	46.812771	1.413	31.10692	0.000151	-0.10513	0	15.70585	-29.6939	330930
1933.75	46.816761	1.296	31.10692	0.000085	-0.0828	0	15.70984	-29.8109	331031
1933.833	46.82523	1.426	31.10692	0.000181	0.100309	0	15.71831	-29.6809	331129
1933.917	46.834629	1.454	30.949789	0.000201	0.019635	-0.00505	15.88484	-29.4958	331230
1934	46.85672	1.643	31.10689	0.000472	0.129986	0.005076	15.74983	-29.4639	340131
1934.083	46.86832	1.604	31.34256	0.000248	-0.02374	0.007576	15.52576	-29.7386	340228
1934.167	46.878181	1.612	31.34256	0.00021	0.004988	0	15.53562	-29.7306	340331
1934.25	46.881119	1.583	31.264009	0.000063	-0.01799	-0.00251	15.61711	-29.681	340430
1934.333	46.884178	1.471	31.342581	0.000065	-0.07075	0.002513	15.5416	-29.8716	340531
1934.417	46.887119	1.508	31.42112	0.000063	0.025153	0.002506	15.466	-29.9131	340630
1934.5	46.890171	1.345	31.42112	0.000065	-0.10809	0	15.46905	-30.0761	340731
1934.583	46.89323	1.425	31.49968	0.000065	0.05948	0.0025	15.39355	-30.0747	340831
1934.667	46.895939	1.421	31.97101	0.000058	-0.00281	0.014963	14.92493	-30.55	340929
1934.75	46.90139	1.393	31.73535	0.000116	-0.0197	-0.00737	15.16604	-30.3424	341031
1934.833	46.905258	1.511	31.656811	0.000082	0.084709	-0.00247	15.24845	-30.1458	341130
1934.917	46.910912	1.517	31.57827	0.000121	0.003971	-0.00248	15.33264	-30.0613	341231
1935	46.916981	1.469	32.049568	0.000129	-0.03164	0.014925	14.86741	-30.5806	350131
1935.083	46.92506	1.44	32.285229	0.000172	-0.01974	0.007353	14.63983	-30.8452	350228
1935.167	46.930939	1.387	32.20668	0.000125	-0.03681	-0.00243	14.72426	-30.8197	350330
1935.25	46.937019	1.511	32.520889	0.00013	0.089402	0.009756	14.41613	-31.0099	350430
1935.333	46.94313	1.563	32.363781	0.00013	0.034414	-0.00483	14.57935	-30.8008	350531
1935.417	46.948811	1.649	32.285229	0.000121	0.055022	-0.00243	14.66358	-30.6362	350629
1935.5	46.955078	1.77	32.128132	0.000133	0.073378	-0.00487	14.82695	-30.3581	350731
1935.583	46.961151	1.819	32.128132	0.000129	0.027684	0	14.83302	-30.3091	350831
1935.667	46.96703	1.862	32.288769	0.000125	0.023639	0.005	14.67826	-30.4268	350930
1935.75	46.972912	1.992	32.288769	0.000125	0.069817	0	14.68414	-30.2968	351031
1935.833	46.984131	2.096	32.445889	0.000239	0.052209	0.004866	14.53824	-30.3499	351130
1935.917	46.990238	2.191	32.524441	0.00013	0.045324	0.002421	14.4658	-30.3334	351231
1936	46.996349	2.335	32.524441	0.00013	0.065723	0	14.47191	-30.1894	360131
1936.083	47.002041	2.396	32.367321	0.000121	0.026124	-0.00483	14.63472	-29.9713	360229
1936.167	47.01012	2.416	32.210209	0.000172	0.008347	-0.00485	14.79991	-29.7942	360331
1936.25	47.017971	2.227	32.210209	0.000167	-0.07823	0	14.80776	-29.9832	360430
1936.333	47.025551	2.34	32.210209	0.000161	0.050741	0	14.81534	-29.8702	360529
1936.417	47.03994	2.401	32.524448	0.000306	0.026068	0.009756	14.51549	-30.1234	360630
1936.5	47.046051	2.553	32.681568	0.00013	0.063307	0.004831	14.36448	-30.1286	360731
1936.583	47.0541	2.581	32.917278	0.000171	0.010967	0.007212	14.13682	-30.3363	360831
1936.667	47.059212	2.619	32.99585	0.000109	0.014723	0.002387	14.06336	-30.3768	360930
1936.75	47.068489	2.801	32.917278	0.000197	0.069492	-0.00238	14.15121	-30.1163	361031
1936.833	47.072399	2.897	32.917278	0.000083	0.034273	0	14.15512	-30.0203	361130
1936.917	47.073711	2.901	32.917278	0.000028	0.001381	0	14.15643	-30.0163	361231
1937	47.079048	2.995	33.152969	0.000113	0.032403	0.00716	13.92608	-30.158	370130
1937.083	47.08709	3.035	33.231541	0.000171	0.013356	0.00237	13.85555	-30.1965	370227
1937.167	47.093712	3.021	33.46722	0.000141	-0.00461	0.007092	13.62649	-30.4462	370331
1937.25	47.109951	2.795	33.624352	0.000345	-0.07481	0.004695	13.4856	-30.8294	370430
1937.333	47.139851	2.772	33.781479	0.000635	-0.00823	0.004673	13.35837	-31.0095	370528
1937.417	47.15517	2.659	33.860062	0.000325	-0.04076	0.002326	13.29511	-31.2011	370630
1937.5	47.170219	2.884	34.01717	0.000319	0.084618	0.00464	13.15305	-31.1332	370731
1937.583	47.181862	2.753	34.095749	0.000247	-0.04542	0.00231	13.08611	-31.3427	370831
1937.667	47.19915	2.382	34.410011	0.000366	-0.13476	0.009217	12.78914	-32.028	370930
1937.75	47.207039	2.156	34.252892	0.000167	-0.09488	-0.00457	12.95415	-32.0969	371030
1937.833	47.216831	1.977	34.0172	0.000207	-0.08302	-0.00688	13.19963	-32.0402	371130
1937.917	47.218719	1.897	33.93861	0.00004	-0.04047	-0.00231	13.28011	-32.0416	371231
1938	47.22031	1.912	33.463482	0.000034	0.007907	-0.014	13.75683	-31.5515	380131
1938.083	47.222591	2.022	33.14925	0.000048	0.057531	-0.00939	14.07334	-31.1273	380228
1938.167	47.219231	1.544	33.14925	-0.00007	-0.2364	0	14.06998	-31.6053	380331
1938.25	47.225029	1.769	33.306381	0.000123	0.145725	0.00474	13.91865	-31.5374	380430
1938.333	47.225842	1.7	33.149269	0.000017	-0.03901	-0.00472	14.07657	-31.4493	380531
1938.417	47.22646	2.101	33.149269	0.000013	0.235882	0	14.07719	-31.0483	380630
1938.5	47.223911	2.251	33.22784	-0.00005	0.071395	0.00237	13.99607	-30.9768	380730
1938.583	47.225922	2.191	33.149288	0.000043	-0.02665	-0.00236	14.07663	-30.9583	380831
1938.667	47.234539	2.21	33.149288	0.000182	0.008672	0	14.08525	-30.9393	380930
1938.75	47.239491	2.381	32.992161	0.000105	0.077376	-0.00474	14.24733	-30.6112	381031
1938.833	47.210209	2.337	32.913609	-0.00062	-0.01848	-0.00238	14.2966	-30.5766	381130
1938.917	47.21106	2.432	32.992168	0.000018	0.04065	0.002387	14.21889	-30.5602	381231
1939	47.208511	2.287	32.83506	-0.00005	-0.05962	-0.00476	14.37345	-30.5481	390131
1939.083	47.212769	2.366	32.677952	0.00009	0.034543	-0.00478	14.53482	-30.312	390228
1939.167	47.208359	2.084	32.599388	-0.00009	-0.11919	-0.0024	14.60897	-30.5154	390331
1939.25	47.206581	2.079	32.520821	-0.00004	-0.0024	-0.00241	14.68576	-30.4418	390429
1939.333	47.20956	2.222	32.520821	0.000063	0.068783	0	14.68874	-30.2988	390531
1939.417	47.215199	2.104	32.520821	0.000119	-0.05311	0	14.69438	-30.4168	390630
1939.5	47.215778	2.317	32.520821	0.000012	0.101236	0	14.69496	-30.2038	390731
1939.583	47.213081	2.164	32.520821	-0.00006	-0.06603	0	14.69226	-30.3568	390831
1939.667	47.217789	2.509	33.149261	0.0001	0.159427	0.019324	14.06853	-30.6403	390930
1939.75	47.218842	2.498	32.99213	0.000022	-0.00438	-0.00474	14.22671	-30.4941	391031
1939.833	47.219841	2.407	32.99213	0.000021	-0.03643	0	14.22771	-30.5851	391130
1939.917	47.22081	2.48	32.835018	0.000021	0.030328	-0.00476	14.38579	-30.355	391230
1940	47.221661	2.419	32.756481	0.000018	-0.0246	-0.00239	14.46518	-30.3375	400131
1940.083	47.222439	2.454	32.99213	0.000016	0.014469	0.007194	14.23031	-30.5381	400229
1940.167	47.222439	2.5	32.91357	0	0.018745	-0.00238	14.30887	-30.4136	400330
1940.25	47.222858	2.503	32.91357	0.000009	0.0012	0	14.30929	-30.4106	400430
1940.333	47.21563	1.952	32.992142	-0.00015	-0.22014	0.002387	14.22349	-31.0401	400531
1940.417	47.21756	2.082	33.07069	0.000041	0.066598	0.002381	14.14687	-30.9887	400629
1940.5	47.223129	2.149	32.992149	0.000118	0.032181	-0.00237	14.23098	-30.8431	400731
1940.583	47.220268	2.2	32.913601	-0.00006	0.023732	-0.00238	14.30667	-30.7136	400831
1940.667	47.221039	2.251	32.992161	0.000016	0.023182	0.002387	14.22888	-30.7412	400930
1940.75	47.221859	2.317	32.992161	0.000017	0.02932	0	14.2297	-30.6752	401031
1940.833	47.222672	2.279	32.992161	0.000017	-0.0164	0	14.23051	-30.7132	401130
1940.917	47.223091	2.295	33.149269	0.000009	0.007021	0.004762	14.07382	-30.8543	401231
1941	47.219841	2.202	33.149269	-0.00007	-0.04052	0	14.07057	-30.9473	410131
1941.083	47.21629	2.169	33.149269	-0.00008	-0.01499	0	14.06702	-30.9803	410228
1941.167	47.221661	2.19	33.3064	0.000114	0.009682	0.00474	13.91526	-31.1164	410331
1941.25	47.218491	2.074	33.620609	-0.00007	-0.05297	0.009434	13.59788	-31.5466	410430
1941.333	47.220539	2.104	33.856251	0.000043	0.014465	0.007009	13.36429	-31.7523	410531
1941.417	47.222511	2.226	34.484661	0.000042	0.057985	0.018561	12.73785	-32.2587	410630
1941.5	47.23613	2.357	34.641781	0.000288	0.05885	0.004556	12.59435	-32.2848	410731
1941.583	47.2393	2.359	34.955971	0.000067	0.000849	0.00907	12.28333	-32.597	410830
1941.667	47.243359	2.341	35.584412	0.000086	-0.00763	0.017978	11.65895	-33.2434	410930
1941.75	47.245258	2.221	35.977188	0.00004	-0.05126	0.011038	11.26807	-33.7562	411031
1941.833	47.24762	2.178	36.29142	0.00005	-0.01936	0.008734	10.9562	-34.1134	411129
1941.917	47.251369	2.077	36.369991	0.000079	-0.04637	0.002165	10.88138	-34.293	411231
1942	47.2598	2.089	36.841339	0.000178	0.005778	0.01296	10.41846	-34.7523	420131
1942.083	47.265018	2.041	37.155602	0.00011	-0.02298	0.00853	10.10942	-35.1146	420228
1942.167	47.27013	1.907	37.626919	0.000108	-0.06565	0.012685	9.643211	-35.7199	420331
1942.25	47.273338	1.825	37.862579	0.000068	-0.043	0.006263	9.410759	-36.0376	420430
1942.333	47.285412	1.937	38.255329	0.000255	0.06137	0.010373	9.030083	-36.3183	420529
1942.417	47.297169	1.986	38.33387	0.000249	0.025297	0.002053	8.963299	-36.3479	420630
1942.5	47.30912	2.055	38.490959	0.000253	0.034743	0.004098	8.818161	-36.436	420731
1942.583	47.322731	2.093	38.726601	0.000288	0.018491	0.006122	8.59613	-36.6336	420831
1942.667	47.33604	2.148	38.805141	0.000281	0.026278	0.002028	8.530899	-36.6571	420930
1942.75	47.351051	2.294	39.19788	0.000317	0.06797	0.010121	8.153171	-36.9039	421031
1942.833	47.365238	2.298	39.43354	0.0003	0.001744	0.006012	7.931698	-37.1355	421130
1942.917	47.378551	2.411	39.747749	0.000281	0.049173	0.007968	7.630802	-37.3367	421231
1943	47.392509	2.592	39.747749	0.000295	0.075073	0	7.64476	-37.1557	430130
1943.083	47.40501	2.747	39.82629	0.000264	0.059799	0.001976	7.57872	-37.0793	430227
1943.167	47.420052	2.916	40.45475	0.000317	0.061522	0.01578	6.965302	-37.5388	430331
1943.25	47.433899	2.936	40.926041	0.000292	0.006859	0.01165	6.507858	-37.99	430430
1943.333	47.445782	3.103	41.240269	0.000251	0.05688	0.007678	6.205513	-38.1373	430529
1943.417	47.460129	3.155	41.161709	0.000302	0.016758	-0.0019	6.29842	-38.0067	430630
1943.5	47.473969	3.01	40.847481	0.000292	-0.04596	-0.00763	6.626488	-37.8375	430731
1943.583	47.48798	3.049	40.69038	0.000295	0.012957	-0.00385	6.7976	-37.6414	430831
1943.667	47.501438	3.122	40.847488	0.000283	0.023942	0.003861	6.65395	-37.7255	430930
1943.75	47.5149	3.084	41.004589	0.000283	-0.01217	0.003846	6.510311	-37.9206	431030
1943.833	47.5289	2.904	40.926022	0.000295	-0.05837	-0.00192	6.602878	-38.022	431130
1943.917	47.543018	3.088	41.004601	0.000297	0.063361	0.00192	6.538417	-37.9166	431231
1944	47.556938	3.144	40.926041	0.000293	0.018135	-0.00192	6.630897	-37.782	440131
1944.083	47.570358	3.157	40.847462	0.000282	0.004135	-0.00192	6.722896	-37.6905	440229
1944.167	47.582008	3.233	40.847462	0.000245	0.024073	0	6.734546	-37.6145	440331
1944.25	47.5952	3.177	41.083149	0.000277	-0.01732	0.00577	6.512051	-37.9061	440429
1944.333	47.607231	3.342	41.24025	0.000253	0.051936	0.003824	6.366981	-37.8983	440531
1944.417	47.62096	3.531	41.318821	0.000288	0.056553	0.001905	6.302139	-37.7878	440630
1944.5	47.634918	3.478	41.554451	0.000293	-0.01501	0.005703	6.080467	-38.0765	440731
1944.583	47.64912	3.531	41.711571	0.000298	0.015239	0.003781	5.937549	-38.1806	440831
1944.667	47.66037	3.532	41.711571	0.000236	0.000283	0	5.948799	-38.1796	440930
1944.75	47.674839	3.542	41.711571	0.000304	0.002831	0	5.963268	-38.1696	441031
1944.833	47.688728	3.597	41.711571	0.000291	0.015528	0	5.977157	-38.1146	441130
1944.917	47.700142	3.748	41.86866	0.000239	0.041979	0.003766	5.831482	-38.1207	441230
1945	47.71236	3.817	41.86866	0.000256	0.01841	0	5.8437	-38.0517	450131
1945.083	47.72303	4.066	41.790112	0.000224	0.065234	-0.00188	5.932918	-37.7241	450228
1945.167	47.734871	3.907	41.790112	0.000248	-0.0391	0	5.944759	-37.8831	450331
1945.25	47.74852	4.211	41.868679	0.000286	0.077809	0.00188	5.879841	-37.6577	450430
1945.333	47.762878	4.289	42.182899	0.000301	0.018523	0.007505	5.579979	-37.8939	450531
1945.417	47.774319	4.305	42.575649	0.00024	0.00373	0.009311	5.19867	-38.2706	450630
1945.5	47.788792	4.21	42.654202	0.000303	-0.02207	0.001845	5.13459	-38.4442	450731
1945.583	47.803101	4.465	42.654202	0.000299	0.06057	0	5.148899	-38.1892	450831
1945.667	47.81649	4.679	42.497139	0.00028	0.047928	-0.00368	5.319351	-37.8181	450929
1945.75	47.831341	4.862	42.497139	0.000311	0.039111	0	5.334202	-37.6351	451031
1945.833	47.842831	5.127	42.65424	0.00024	0.054504	0.003697	5.188591	-37.5272	451130
1945.917	47.85741	5.186	42.811352	0.000305	0.011508	0.003683	5.046058	-37.6254	451231
1946	47.871761	5.506	42.811352	0.0003	0.061705	0	5.060409	-37.3054	460131
1946.083	47.8848	5.189	42.654202	0.000272	-0.05757	-0.00367	5.230598	-37.4652	460228
1946.167	47.898602	5.498	42.968418	0.000288	0.059549	0.007367	4.930184	-37.4704	460330
1946.25	47.9128	5.721	43.204029	0.000296	0.04056	0.005483	4.708771	-37.483	460430
1946.333	47.927151	5.959	43.439739	0.0003	0.041601	0.005456	4.487412	-37.4807	460531
1946.417	47.940189	5.727	43.91106	0.000272	-0.03893	0.01085	4.029129	-38.1841	460628
1946.5	47.955582	5.579	46.503281	0.000321	-0.02584	0.059033	1.452301	-40.9243	460731
1946.583	47.969971	5.221	47.524509	0.0003	-0.06417	0.02196	0.445462	-42.3035	460830
1946.667	47.984089	4.694	48.074341	0.000294	-0.10094	0.011569	-0.09025	-43.3803	460930
1946.75	47.998508	4.628	49.016991	0.0003	-0.01406	0.019608	-1.01848	-44.389	461031
1946.833	48.012321	4.64	50.19529	0.000288	0.002593	0.024039	-2.18297	-45.5553	461130
1946.917	48.026871	4.875	50.588051	0.000303	0.050647	0.007825	-2.56118	-45.7131	461231
1947	48.041222	4.948	50.588051	0.000299	0.014974	0	-2.54683	-45.6401	470131
1947.083	48.054249	4.89	50.509499	0.000271	-0.01172	-0.00155	-2.45525	-45.6195	470228
1947.167	48.068409	4.808	51.609249	0.000295	-0.01677	0.021773	-3.54084	-46.8012	470331
1947.25	48.082451	4.578	51.609249	0.000292	-0.04784	0	-3.5268	-47.0312	470430
1947.333	48.096031	4.532	51.452141	0.000282	-0.01005	-0.00304	-3.35611	-46.9201	470529
1947.417	48.110649	4.775	51.84491	0.000304	0.053619	0.007634	-3.73426	-47.0699	470630
1947.5	48.12508	4.972	52.316231	0.0003	0.041257	0.009091	-4.19115	-47.3442	470731
1947.583	48.13834	4.885	52.866138	0.000276	-0.0175	0.010511	-4.7278	-47.9811	470829
1947.667	48.169559	4.863	54.122959	0.000649	-0.0045	0.023774	-5.9534	-49.26	470930
1947.75	48.200619	4.983	54.122959	0.000645	0.024676	0	-5.92234	-49.14	471031
1947.833	48.230789	4.893	54.43721	0.000626	-0.01806	0.005806	-6.20642	-49.5442	471129
1947.917	48.268661	5.039	55.144192	0.000785	0.029839	0.012987	-6.87553	-50.1052	471231
1948	48.303699	4.853	55.772621	0.000726	-0.03691	0.011396	-7.46892	-50.9196	480131
1948.083	48.338631	4.641	55.301262	0.000723	-0.04368	-0.00845	-6.96263	-50.6603	480228
1948.167	48.381451	5.025	55.14415	0.000886	0.082741	-0.00284	-6.7627	-50.1192	480331
1948.25	48.420979	5.214	55.929691	0.000817	0.037612	0.014245	-7.50871	-50.7157	480430
1948.333	48.45784	5.603	56.322449	0.000761	0.074607	0.007022	-7.86461	-50.7194	480528
1948.417	48.50174	5.603	56.715221	0.000906	0	0.006974	-8.21348	-51.1122	480630
1948.5	48.541351	5.32	57.422199	0.000817	-0.05051	0.012465	-8.88085	-52.1022	480730
1948.583	48.583092	5.341	57.65786	0.00086	0.003947	0.004104	-9.07477	-52.3169	480831
1948.667	48.600571	5.184	57.65786	0.00036	-0.0294	0	-9.05729	-52.4739	480930
1948.75	48.619678	5.493	57.422199	0.000393	0.059606	-0.00409	-8.80252	-51.9292	481030
1948.833	48.63871	4.996	57.02943	0.000391	-0.09048	-0.00684	-8.39072	-52.0334	481130
1948.917	48.660252	5.156	56.636669	0.000443	0.032026	-0.00689	-7.97642	-51.4807	481231
1949	48.706711	5.172	56.558109	0.000955	0.003103	-0.00139	-7.8514	-51.3861	490131
1949.083	48.74976	5.023	55.929691	0.000884	-0.02881	-0.01111	-7.17993	-50.9067	490228
1949.167	48.797218	5.228	56.08683	0.000974	0.040812	0.00281	-7.28961	-50.8588	490331
1949.25	48.842281	5.134	56.165428	0.000923	-0.01798	0.001401	-7.32315	-51.0314	490430
1949.333	48.89183	4.993	56.086788	0.001014	-0.02746	-0.0014	-7.19496	-51.0938	490531
1949.417	48.938599	5.011	56.16539	0.000957	0.003605	0.001401	-7.22679	-51.1544	490630
1949.5	48.980949	5.289	55.772621	0.000865	0.055478	-0.00699	-6.79167	-50.4836	490729
1949.583	49.025551	5.429	55.929729	0.000911	0.02647	0.002817	-6.90418	-50.5007	490831
1949.667	49.067902	5.603	56.165352	0.000864	0.03205	0.004213	-7.09745	-50.5624	490930
1949.75	49.111691	5.78	55.85117	0.000892	0.03159	-0.00559	-6.73948	-50.0712	491031
1949.833	49.152809	5.891	55.929691	0.000837	0.019204	0.001406	-6.77688	-50.0387	491130
1949.917	49.196789	6.201	55.615471	0.000895	0.052623	-0.00562	-6.41868	-49.4145	491231
1950	49.24258	6.302	55.379848	0.000931	0.016288	-0.00424	-6.13727	-49.0778	500131
1950.083	49.284512	6.393	55.222752	0.000852	0.01444	-0.00284	-5.93824	-48.8298	500228
1950.167	49.331429	6.471	55.458359	0.000952	0.012201	0.004266	-6.12693	-48.9874	500331
1950.25	49.373749	6.731	55.53688	0.000858	0.040179	0.001416	-6.16313	-48.8059	500429
1950.333	49.424919	7.02	55.772541	0.001036	0.042936	0.004243	-6.34762	-48.7525	500531
1950.417	49.472889	6.623	56.08675	0.000971	-0.05655	0.005634	-6.61386	-49.4638	500630
1950.5	49.52158	6.729	56.63662	0.000984	0.016005	0.009804	-7.11504	-49.9076	500731
1950.583	49.569351	7.067	57.107941	0.000965	0.05023	0.008322	-7.53859	-50.0409	500831
1950.667	49.619911	7.412	57.500751	0.00102	0.048818	0.006878	-7.88084	-50.0888	500929
1950.75	49.67762	7.402	57.814919	0.001163	-0.00135	0.005464	-8.1373	-50.4129	501031
1950.833	49.730148	7.617	58.050579	0.001057	0.029046	0.004076	-8.32043	-50.4336	501130
1950.917	49.785069	8.052	58.836121	0.001104	0.057109	0.013532	-9.05105	-50.7841	501230
1951	49.84766	8.519	59.778759	0.001257	0.057998	0.016021	-9.9311	-51.2598	510131
1951.083	49.89999	8.648	60.485741	0.00105	0.015143	0.011827	-10.5858	-51.8377	510228
1951.167	49.953411	8.466	60.721401	0.001071	-0.02105	0.003896	-10.768	-52.2554	510331
1951.25	50.017578	8.887	60.79995	0.001285	0.049728	0.001294	-10.7824	-51.913	510430
1951.333	50.079891	8.687	61.03561	0.001246	-0.0225	0.003876	-10.9557	-52.3486	510531
1951.417	50.138069	8.468	60.957062	0.001162	-0.02521	-0.00129	-10.819	-52.4891	510629
1951.5	50.205639	9.068	61.03566	0.001348	0.070855	0.001289	-10.83	-51.9677	510731
1951.583	50.272598	9.477	61.03566	0.001334	0.045104	0	-10.7631	-51.5587	510831
1951.667	50.333561	9.562	61.428421	0.001213	0.008969	0.006435	-11.0949	-51.8664	510928
1951.75	50.412079	9.348	61.742641	0.00156	-0.02238	0.005115	-11.3306	-52.3946	511031
1951.833	50.466309	9.404	62.057529	0.001076	0.005991	0.0051	-11.5912	-52.6535	511130
1951.917	50.528431	9.733	62.29314	0.001231	0.034985	0.003797	-11.7647	-52.5601	511231
1952	50.606602	9.899	62.29314	0.001547	0.017055	0	-11.6865	-52.3941	520131
1952.083	50.66489	9.653	61.900379	0.001152	-0.02485	-0.00631	-11.2355	-52.2474	520229
1952.167	50.719471	10.091	61.900379	0.001077	0.045374	0	-11.1809	-51.8094	520331
1952.25	50.77861	9.6	62.13604	0.001166	-0.04866	0.003807	-11.3574	-52.536	520430
1952.333	50.84491	9.912	62.214588	0.001306	0.0325	0.001264	-11.3697	-52.3026	520529
1952.417	50.92049	10.303	62.371651	0.001486	0.039447	0.002525	-11.4512	-52.0687	520630
1952.5	50.997349	10.425	62.843021	0.001509	0.011841	0.007557	-11.8457	-52.418	520731
1952.583	51.072189	10.353	62.92157	0.001468	-0.00691	0.00125	-11.8494	-52.5686	520829
1952.667	51.15567	10.154	62.84306	0.001635	-0.01922	-0.00125	-11.6874	-52.6891	520930
1952.75	51.226952	10.1	62.921612	0.001393	-0.00532	0.00125	-11.6947	-52.8216	521031
1952.833	51.28072	10.696	62.921612	0.00105	0.05901	0	-11.6409	-52.2256	521128
1952.917	51.365238	11.03	62.84306	0.001648	0.031227	-0.00125	-11.4778	-51.8131	521231
1953	51.448441	11.012	62.685951	0.00162	-0.00163	-0.0025	-11.2375	-51.674	530130
1953.083	51.520569	10.994	62.3717	0.001402	-0.00163	-0.00501	-10.8511	-51.3777	530227
1953.167	51.615421	10.847	62.528851	0.001841	-0.01337	0.00252	-10.9134	-51.6819	530331
1953.25	51.699051	10.55	62.607361	0.00162	-0.02738	0.001256	-10.9083	-52.0574	530430
1953.333	51.78801	10.621	62.764462	0.001721	0.00673	0.002509	-10.9765	-52.1435	530529
1953.417	51.88316	10.448	63.000118	0.001837	-0.01629	0.003755	-11.117	-52.5521	530630
1953.5	51.958778	10.711	63.15723	0.001457	0.025172	0.002494	-11.1985	-52.4462	530731
1953.583	52.045349	10.24	63.314381	0.001666	-0.04397	0.002488	-11.269	-53.0744	530831
1953.667	52.129749	10.271	63.392979	0.001622	0.003027	0.001241	-11.2632	-53.122	530930
1953.75	52.195	10.755	63.550041	0.001252	0.047123	0.002478	-11.355	-52.795	531030
1953.833	52.235191	11.059	63.314419	0.00077	0.028266	-0.00371	-11.0792	-52.2554	531130
1953.917	52.302029	11.066	63.235828	0.00128	0.000633	-0.00124	-10.9338	-52.1698	531231
1954	52.359119	11.626	63.392891	0.001092	0.050605	0.002484	-11.0338	-51.7669	540129
1954.083	52.396179	11.849	63.314381	0.000708	0.019181	-0.00124	-10.9182	-51.4654	540226
1954.167	52.437061	12.296	63.235779	0.00078	0.037725	-0.00124	-10.7987	-50.9398	540331
1954.25	52.483589	12.821	63.07872	0.000887	0.042697	-0.00248	-10.5951	-50.2577	540430
1954.333	52.510361	13.223	63.314381	0.00051	0.031355	0.003736	-10.804	-50.0914	540528
1954.417	52.54134	13.373	63.392929	0.00059	0.011344	0.001241	-10.8516	-50.0199	540630
1954.5	52.567989	14.047	63.392929	0.000507	0.0504	0	-10.8249	-49.3459	540730
1954.583	52.594219	13.731	63.314419	0.000499	-0.0225	-0.00124	-10.7202	-49.5834	540831
1954.667	52.63998	14.614	63.157318	0.00087	0.064307	-0.00248	-10.5173	-48.5433	540930
1954.75	52.676609	14.377	63.000172	0.000696	-0.01622	-0.00249	-10.3236	-48.6232	541029
1954.833	52.71022	15.756	63.078758	0.000638	0.095917	0.001247	-10.3685	-47.3228	541130
1954.917	52.753929	16.627	62.921612	0.000829	0.055281	-0.00249	-10.1677	-46.2946	541231
1955	52.796558	16.745	62.921612	0.000808	0.007097	0	-10.1251	-46.1766	550131
1955.083	52.841541	17.27	62.921612	0.000852	0.031353	0	-10.0801	-45.6516	550228
1955.167	52.893909	17.25	62.921612	0.000991	-0.00116	0	-10.0277	-45.6716	550331
1955.25	52.949032	17.806	62.921612	0.001042	0.032232	0	-9.97258	-45.1156	550429
1955.333	53.022449	18.018	62.921612	0.001387	0.011906	0	-9.89916	-44.9036	550531
1955.417	53.076599	19.205	62.921612	0.001021	0.065879	0	-9.84501	-43.7166	550630
1955.5	53.129669	19.59	63.157269	0.001	0.020047	0.003745	-10.0276	-43.5673	550729
1955.583	53.21376	19.676	63.000118	0.001583	0.00439	-0.00249	-9.78636	-43.3241	550831
1955.667	53.29982	19.632	63.235828	0.001617	-0.00224	0.003741	-9.93601	-43.6038	550930
1955.75	53.396721	19.127	63.235828	0.001818	-0.02572	0	-9.83911	-44.1088	551031
1955.833	53.487381	20.496	63.314339	0.001698	0.071574	0.001242	-9.82696	-42.8183	551130
1955.917	53.58408	20.835	63.157269	0.001808	0.01654	-0.00248	-9.57319	-42.3223	551230
1956	53.70229	20.251	63.078678	0.002206	-0.02803	-0.00124	-9.37639	-42.8277	560131
1956.083	53.804722	21.052	63.078678	0.001907	0.039554	0	-9.27396	-42.0267	560229
1956.167	53.886292	22.487	63.15723	0.001516	0.068165	0.001245	-9.27094	-40.6702	560329
1956.25	53.986012	22.6	63.235779	0.001851	0.005025	0.001244	-9.24977	-40.6358	560430
1956.333	54.110291	21.479	63.550079	0.002302	-0.0496	0.00497	-9.43979	-42.0711	560531
1956.417	54.217659	22.281	63.94281	0.001984	0.037339	0.00618	-9.72515	-41.6618	560629
1956.5	54.334671	23.418	64.414131	0.002158	0.05103	0.007371	-10.0795	-40.9961	560731
1956.583	54.424911	22.74	64.335571	0.001661	-0.02895	-0.00122	-9.91066	-41.5956	560831
1956.667	54.52494	21.604	64.414131	0.001838	-0.04996	0.001221	-9.88919	-42.8101	560928
1956.75	54.660011	21.759	64.806892	0.002477	0.007175	0.006097	-10.1469	-43.0479	561031
1956.833	54.771759	21.92	64.806892	0.002044	0.007399	0	-10.0351	-42.8869	561130
1956.917	54.90184	22.586	64.963997	0.002375	0.030383	0.002424	-10.0622	-42.378	561231
1957	55.048241	21.88	65.042549	0.002667	-0.03126	0.001209	-9.99431	-43.1625	570131
1957.083	55.17976	21.477	65.278168	0.002389	-0.01842	0.003623	-10.0984	-43.8012	570228
1957.167	55.307251	21.986	65.435318	0.00231	0.0237	0.002407	-10.1281	-43.4493	570329
1957.25	55.446529	22.975	65.670937	0.002518	0.044983	0.003601	-10.2244	-42.6959	570430
1957.333	55.588261	23.799	65.828049	0.002556	0.035865	0.002392	-10.2398	-42.029	570531
1957.417	55.72221	23.66	66.22081	0.00241	-0.00584	0.005966	-10.4986	-42.5608	570628
1957.5	55.886871	23.888	66.535027	0.002955	0.009637	0.004745	-10.6482	-42.647	570731
1957.583	56.027699	22.702	66.613617	0.00252	-0.04965	0.001181	-10.5859	-43.9116	570830
1957.667	56.171589	21.391	66.692177	0.002568	-0.05775	0.001179	-10.5206	-45.3012	570930
1957.75	56.33432	20.505	66.692177	0.002897	-0.04142	0	-10.3579	-46.1872	571031
1957.833	56.4902	21.003	66.927841	0.002767	0.024287	0.003534	-10.4376	-45.9248	571129
1957.917	56.625271	20.205	66.927841	0.002391	-0.03799	0	-10.3026	-46.7228	571231
1958	56.781929	21.217	67.320648	0.002767	0.050087	0.005869	-10.5387	-46.1036	580131
1958.083	56.850471	20.92	67.3992	0.001207	-0.014	0.001167	-10.5487	-46.4792	580228
1958.167	56.90416	21.62	67.870522	0.000944	0.033461	0.006993	-10.9664	-46.2505	580331
1958.25	56.95034	22.278	68.027672	0.000812	0.030435	0.002315	-11.0773	-45.7497	580430
1958.333	57.012581	22.827	68.027672	0.001093	0.024643	0	-11.0151	-45.2007	580529
1958.417	57.029518	23.5	68.106216	0.000297	0.029483	0.001155	-11.0767	-44.6062	580630
1958.5	57.06773	24.558	68.184776	0.00067	0.045021	0.001153	-11.117	-43.6268	580731
1958.583	57.0933	25.018	68.106216	0.000448	0.018731	-0.00115	-11.0129	-43.0882	580829
1958.667	57.201988	26.251	68.106216	0.001904	0.049285	0	-10.9042	-41.8552	580930
1958.75	57.30724	26.96	68.106216	0.00184	0.027008	0	-10.799	-41.1462	581031
1958.833	57.369671	27.779	68.184731	0.001089	0.030378	0.001153	-10.8151	-40.4057	581128
1958.917	57.498131	29.258	68.106178	0.002239	0.053242	-0.00115	-10.608	-38.8482	581231
1959	57.616058	29.538	68.184692	0.002051	0.00957	0.001153	-10.5686	-38.6467	590130
1959.083	57.724491	29.869	68.106178	0.001882	0.011206	-0.00115	-10.3817	-38.2372	590227
1959.167	57.850159	30.016	68.106178	0.002177	0.004921	0	-10.256	-38.0902	590331
1959.25	57.965351	31.191	68.184692	0.001991	0.039146	0.001153	-10.2193	-36.9937	590430
1959.333	58.092838	31.816	68.263237	0.002199	0.020038	0.001152	-10.1704	-36.4472	590529
1959.417	58.23518	31.855	68.577461	0.00245	0.001226	0.004603	-10.3423	-36.7225	590630
1959.5	58.38213	32.946	68.734558	0.002523	0.034249	0.002291	-10.3524	-35.7886	590731
1959.583	58.490742	32.564	68.656013	0.00186	-0.01159	-0.00114	-10.1653	-36.092	590831
1959.667	58.671181	31.107	68.891632	0.003085	-0.04474	0.003432	-10.2205	-37.7846	590930
1959.75	58.848099	31.581	69.127289	0.003015	0.015238	0.003421	-10.2792	-37.5463	591030
1959.833	58.998379	32.157	69.127289	0.002554	0.018239	0	-10.1289	-36.9703	591130
1959.917	59.19611	33.09	69.127289	0.003351	0.029014	0	-9.93118	-36.0373	591231
1960	59.39249	30.864	69.048782	0.003317	-0.06727	-0.00114	-9.65629	-38.1848	600129
1960.083	59.562569	31.249	69.127373	0.002864	0.012474	0.001138	-9.5648	-37.8784	600229
1960.167	59.769161	30.87	69.127373	0.003468	-0.01213	0	-9.35821	-38.2574	600331
1960.25	59.885349	30.393	69.520142	0.001944	-0.01545	0.005682	-9.63479	-39.1271	600429
1960.333	60.049278	31.405	69.520142	0.002737	0.033297	0	-9.47086	-38.1151	600531
1960.417	60.192589	32.131	69.677254	0.002387	0.023117	0.00226	-9.48467	-37.5463	600630
1960.5	60.272659	31.464	69.677254	0.00133	-0.02076	0	-9.4046	-38.2133	600729
1960.583	60.372532	32.409	69.677254	0.001657	0.030034	0	-9.30472	-37.2683	600831
1960.667	60.4678	30.526	69.75576	0.001578	-0.0581	0.001127	-9.28796	-39.2298	600930
1960.75	60.59819	30.386	70.069969	0.002156	-0.00459	0.004504	-9.47178	-39.684	601031
1960.833	60.678101	31.843	70.148529	0.001319	0.04795	0.001121	-9.47043	-38.3055	601130
1960.917	60.772331	33.374	70.148529	0.001553	0.04808	0	-9.3762	-36.7745	601230
1961	60.8862	35.525	70.148529	0.001874	0.064451	0	-9.26233	-34.6235	610131
1961.083	60.973461	36.843	70.148529	0.001433	0.037101	0	-9.17507	-33.3055	610228
1961.167	61.09774	37.983	70.148529	0.002038	0.030942	0	-9.05079	-32.1655	610330
1961.25	61.204418	38.206	70.148529	0.001746	0.005871	0	-8.94411	-31.9425	610428
1961.333	61.313351	39.195	70.148529	0.00178	0.025886	0	-8.83518	-30.9535	610531
1961.417	61.436459	38.079	70.227081	0.002008	-0.02847	0.00112	-8.79062	-32.1481	610630
1961.5	61.548519	39.249	70.541252	0.001824	0.030726	0.004474	-8.99273	-31.2923	610731
1961.583	61.635551	40.314	70.4627	0.001414	0.027134	-0.00111	-8.82715	-30.1487	610831
1961.667	61.738911	39.558	70.619797	0.001677	-0.01875	0.00223	-8.88089	-31.0618	610929
1961.75	61.85363	40.63	70.619797	0.001858	0.027099	0	-8.76617	-29.9898	611031
1961.833	61.949211	42.502	70.619797	0.001545	0.046074	0	-8.67059	-28.1178	611130
1961.917	62.064671	42.53	70.619797	0.001864	0.000659	0	-8.55513	-28.0898	611229
1962	62.214321	40.985	70.619797	0.002411	-0.03633	0	-8.40548	-29.6348	620131
1962.083	62.339722	41.765	70.776947	0.002016	0.019031	0.002225	-8.43723	-29.0119	620228
1962.167	62.466789	41.53	70.934059	0.002038	-0.00563	0.00222	-8.46727	-29.4041	620330
1962.25	62.607201	38.924	71.091209	0.002248	-0.06275	0.002215	-8.48401	-32.1672	620430
1962.333	62.757511	35.634	71.091209	0.002401	-0.08452	0	-8.3337	-35.4572	620531
1962.417	62.880402	32.686	71.091209	0.001958	-0.08273	0	-8.21081	-38.4052	620629
1962.5	63.047798	34.846	71.248322	0.002662	0.066083	0.00221	-8.20052	-36.4023	620731
1962.583	63.19556	35.661	71.248322	0.002344	0.023389	0	-8.05276	-35.5873	620831
1962.667	63.326031	33.873	71.641083	0.002065	-0.05014	0.005513	-8.31505	-37.7681	620928
1962.75	63.48748	33.945	71.562569	0.002549	0.002126	-0.0011	-8.07509	-37.6176	621031
1962.833	63.614269	37.683	71.562569	0.001997	0.110119	0	-7.9483	-33.8796	621130
1962.917	63.761299	38.129	71.484016	0.002311	0.011836	-0.0011	-7.72272	-33.355	621231
1963	63.921009	40.106	71.562607	0.002505	0.05185	0.001099	-7.6416	-31.4566	630131
1963.083	64.066254	39.227	71.641212	0.002272	-0.02192	0.001098	-7.57496	-32.4142	630228
1963.167	64.212997	40.518	71.719719	0.00229	0.032911	0.001096	-7.50672	-31.2017	630329
1963.25	64.375847	42.44	71.719719	0.002536	0.047436	0	-7.34387	-29.2797	630430
1963.333	64.531921	43.29	71.719719	0.002424	0.020028	0	-7.1878	-28.4297	630531
1963.417	64.677856	42.51	72.033928	0.002261	-0.01802	0.004381	-7.35607	-29.5239	630628
1963.5	64.851227	42.438	72.348152	0.002681	-0.00169	0.004362	-7.49693	-29.9102	630731
1963.583	65.011871	44.674	72.348152	0.002477	0.052689	0	-7.33628	-27.6742	630830
1963.667	65.189598	44.141	72.348152	0.002734	-0.01193	0	-7.15855	-28.2072	630930
1963.75	65.379829	45.365	72.426697	0.002918	0.027729	0.001086	-7.04687	-27.0617	631031
1963.833	65.556793	45.113	72.505302	0.002707	-0.00555	0.001085	-6.94851	-27.3923	631129
1963.917	65.748413	46.094	72.662399	0.002923	0.021745	0.002167	-6.91399	-26.5684	631231
1964	65.942863	47.283	72.740959	0.002957	0.025795	0.001081	-6.7981	-25.458	640131
1964.083	66.116074	48.095	72.662399	0.002627	0.017173	-0.00108	-6.54632	-24.5674	640228
1964.167	66.322739	48.944	72.740959	0.003126	0.017653	0.001081	-6.41822	-23.797	640331
1964.25	66.517059	49.17	72.819511	0.00293	0.004618	0.00108	-6.30245	-23.6495	640430
1964.333	66.687027	50.026	72.819511	0.002555	0.017409	0	-6.13248	-22.7935	640528
1964.417	66.890289	50.78	72.976662	0.003048	0.015072	0.002158	-6.08637	-22.1967	640630
1964.5	67.089027	51.803	73.133774	0.002971	0.020146	0.002153	-6.04475	-21.3308	640731
1964.583	67.279373	51.219	73.055206	0.002837	-0.01127	-0.00107	-5.77583	-21.8362	640831
1964.667	67.467857	52.779	73.212357	0.002802	0.030457	0.002151	-5.7445	-20.4334	640930
1964.75	67.665558	53.247	73.290916	0.00293	0.008867	0.001073	-5.62536	-20.0439	641030
1964.833	67.861656	53.411	73.448059	0.002898	0.00308	0.002144	-5.5864	-20.0371	641130
1964.917	68.073174	53.609	73.526657	0.003117	0.003707	0.00107	-5.45348	-19.9177	641231
1965	68.265678	55.681	73.526657	0.002828	0.03865	0	-5.26098	-17.8457	650129
1965.083	68.46917	56.068	73.526657	0.002981	0.00695	0	-5.05749	-17.4587	650226
1965.167	68.714912	55.522	73.605171	0.003589	-0.00974	0.001068	-4.89026	-18.0832	650331
1965.25	68.924713	57.39	73.840874	0.003053	0.033644	0.003202	-4.91616	-16.4509	650430
1965.333	69.139267	57.14	73.997978	0.003113	-0.00436	0.002128	-4.85871	-16.858	650528
1965.417	69.383537	54.177	74.390793	0.003533	-0.05186	0.005308	-5.00726	-20.2138	650630
1965.5	69.59864	55.083	74.469337	0.0031	0.016723	0.001056	-4.8707	-19.3863	650730
1965.583	69.828323	56.784	74.312187	0.0033	0.030881	-0.00211	-4.48386	-17.5282	650831
1965.667	70.046707	58.597	74.469299	0.003127	0.031928	0.002114	-4.42259	-15.8723	650930
1965.75	70.267143	60.313	74.547852	0.003147	0.029285	0.001055	-4.28071	-14.2349	651029
1965.833	70.512962	60.497	74.704918	0.003498	0.003051	0.002107	-4.19196	-14.2079	651130
1965.917	70.74659	61.316	74.94062	0.003313	0.013538	0.003155	-4.19403	-13.6246	651231
1966	71.014557	62.059	74.94062	0.003788	0.012118	0	-3.92606	-12.8816	660131
1966.083	71.261261	61.522	75.411942	0.003474	-0.00865	0.006289	-4.15068	-13.8899	660228
1966.167	71.535309	60.236	75.647598	0.003846	-0.0209	0.003125	-4.11229	-15.4116	660331
1966.25	71.779961	61.73	75.961823	0.00342	0.024802	0.004154	-4.18186	-14.2318	660429
1966.333	72.076141	58.49	76.040367	0.004126	-0.05249	0.001034	-3.96423	-17.5504	660531
1966.417	72.346939	57.886	76.276031	0.003757	-0.01033	0.003099	-3.92909	-18.39	660630
1966.5	72.603271	57.141	76.511726	0.003543	-0.01287	0.00309	-3.90845	-19.3707	660729
1966.583	72.90107	52.835	76.904457	0.004102	-0.07536	0.005133	-4.00339	-24.0695	660831
1966.667	73.192909	52.468	77.061562	0.004003	-0.00695	0.002043	-3.86865	-24.5936	660930
1966.75	73.524673	54.689	77.375732	0.004533	0.042331	0.004077	-3.85106	-22.6867	661031
1966.833	73.81694	55.646	77.375732	0.003975	0.017499	0	-3.55879	-21.7297	661130
1966.917	74.113617	55.992	77.454292	0.004019	0.006218	0.001015	-3.34067	-21.4623	661230
1967	74.433273	60.78	77.454292	0.004313	0.085512	0	-3.02102	-16.6743	670131
1967.083	74.698997	61.444	77.532837	0.00357	0.010925	0.001014	-2.83384	-16.0888	670228
1967.167	74.990181	64.111	77.689911	0.003898	0.043405	0.002026	-2.69973	-13.5789	670331
1967.25	75.233749	66.778	77.847008	0.003248	0.0416	0.002022	-2.61326	-11.069	670428
1967.333	75.484558	64.151	78.082626	0.003334	-0.03934	0.003027	-2.59807	-13.9316	670531
1967.417	75.685341	65.875	78.318291	0.00266	0.026874	0.003018	-2.63295	-12.4433	670630
1967.5	75.923767	69.114	78.71106	0.00315	0.049169	0.005015	-2.78729	-9.59706	670731
1967.583	76.160027	68.683	78.946716	0.003112	-0.00624	0.002994	-2.78669	-10.2637	670831
1967.667	76.40406	71.038	79.103821	0.003204	0.034288	0.00199	-2.69976	-8.06582	670929
1967.75	76.705109	69.09	79.339478	0.00394	-0.02742	0.002979	-2.63437	-10.2495	671031
1967.833	76.977463	69.637	79.575104	0.003551	0.007917	0.00297	-2.59764	-9.9381	671130
1967.917	77.234016	71.983	79.810806	0.003333	0.033689	0.002962	-2.57679	-7.82781	671229
1968	77.546211	69.366	80.125023	0.004042	-0.03636	0.003937	-2.57881	-10.759	680131
1968.083	77.846642	67.035	80.36068	0.003874	-0.0336	0.002941	-2.51404	-13.3257	680229
1968.167	78.142693	67.376	80.753487	0.003803	0.005087	0.004888	-2.61079	-13.3775	680329
1968.25	78.47805	73.715	80.989113	0.004292	0.094084	0.002918	-2.51106	-7.27411	680430
1968.333	78.828072	75.708	81.224808	0.00446	0.027037	0.00291	-2.39674	-5.51681	680531
1968.417	79.163193	76.581	81.696129	0.004251	0.011531	0.005803	-2.53294	-5.11513	680628
1968.5	79.540871	74.892	82.088943	0.004771	-0.02206	0.004808	-2.54807	-7.19694	680730
1968.583	79.87661	76.244	82.3246	0.004221	0.018053	0.002871	-2.44799	-6.0806	680830
1968.667	80.216652	79.632	82.560303	0.004257	0.044436	0.002863	-2.34365	-2.9283	680930
1968.75	80.566704	80.353	83.031754	0.004364	0.009054	0.00571	-2.46505	-2.67875	681031
1968.833	80.908707	85.054	83.345917	0.004245	0.058504	0.003784	-2.43721	1.708083	681129
1968.917	81.254669	82.172	83.581619	0.004276	-0.03388	0.002828	-2.32695	-1.40962	681231
1969	81.682663	81.62	83.817322	0.005267	-0.00672	0.00282	-2.13466	-2.19732	690131
1969.083	82.059219	77.243	84.131622	0.00461	-0.05363	0.00375	-2.0724	-6.88862	690228
1969.167	82.440063	79.599	84.8386	0.004641	0.030501	0.008403	-2.39854	-5.2396	690328
1969.25	82.879539	81.235	85.388428	0.005331	0.020553	0.006481	-2.50889	-4.15343	690430
1969.333	83.280083	81.646	85.624092	0.004833	0.005059	0.00276	-2.34401	-3.97809	690529
1969.417	83.706413	76.152	86.173973	0.005119	-0.06729	0.006422	-2.46756	-10.022	690630
1969.5	84.151314	71.195	86.56678	0.005315	-0.06509	0.004558	-2.41547	-15.3718	690731
1969.583	84.576172	74.862	86.959541	0.005049	0.051506	0.004537	-2.38337	-12.0975	690829
1969.667	85.101723	73.172	87.35231	0.006214	-0.02257	0.004517	-2.25059	-14.1803	690930
1969.75	85.609283	77.242	87.666527	0.005964	0.055622	0.003597	-2.05724	-10.4245	691031
1969.833	86.050697	74.758	88.137802	0.005156	-0.03216	0.005376	-2.0871	-13.3798	691128
1969.917	86.604401	73.287	88.687798	0.006435	-0.01968	0.00624	-2.0834	-15.4008	691231
1970	87.127861	67.919	89.002022	0.006044	-0.07325	0.003543	-1.87416	-21.083	700130
1970.083	87.66629	71.771	89.473381	0.00618	0.056715	0.005296	-1.80709	-17.7024	700227
1970.167	88.166428	71.432	89.94474	0.005705	-0.00472	0.005268	-1.77831	-18.5127	700331
1970.25	88.611053	63.909	90.494659	0.005043	-0.10532	0.006114	-1.88361	-26.5857	700430
1970.333	89.078041	59.797	90.887383	0.00527	-0.06434	0.00434	-1.80934	-31.0904	700529
1970.417	89.595703	56.74	91.358749	0.005811	-0.05112	0.005186	-1.76305	-34.6187	700630
1970.5	90.064461	60.95	91.67292	0.005232	0.074198	0.003439	-1.60846	-30.7229	700731
1970.583	90.545372	64.001	91.830017	0.00534	0.050057	0.001714	-1.28464	-27.829	700831
1970.667	91.031433	67.039	92.301392	0.005368	0.047468	0.005133	-1.26996	-25.2624	700930
1970.75	91.45018	65.821	92.772713	0.0046	-0.01817	0.005106	-1.32253	-26.9517	701030
1970.833	91.866653	69.142	93.086922	0.004554	0.050455	0.003387	-1.22027	-23.9449	701130
1970.917	92.255501	73.339	93.558197	0.004233	0.060701	0.005063	-1.3027	-20.2192	701231
1971	92.608223	77.155	93.636787	0.003823	0.052032	0.00084	-1.02856	-16.4818	710129
1971.083	92.915382	78.457	93.793938	0.003317	0.016875	0.001678	-0.87856	-15.3369	710226
1971.167	93.192177	81.971	94.108162	0.002979	0.044789	0.00335	-0.91598	-12.1372	710331
1971.25	93.44928	84.704	94.422371	0.002759	0.033341	0.003339	-0.97309	-9.71837	710430
1971.333	93.723373	81.621	94.89373	0.002933	-0.0364	0.004992	-1.17036	-13.2727	710528
1971.417	94.073433	81.876	95.443649	0.003735	0.003124	0.005795	-1.37022	-13.5676	710630
1971.5	94.45153	78.578	95.67939	0.004019	-0.04028	0.00247	-1.22786	-17.1014	710730
1971.583	94.893372	81.918	95.915047	0.004678	0.042506	0.002463	-1.02168	-13.997	710831
1971.667	95.241989	81.508	95.993607	0.003674	-0.00501	0.000819	-0.75162	-14.4856	710930
1971.75	95.592133	78.193	96.150711	0.003676	-0.04067	0.001637	-0.55858	-17.9577	711029
1971.833	95.948097	78.093	96.307861	0.003724	-0.00128	0.001634	-0.35976	-18.2149	711130
1971.917	96.301949	85.22	96.700592	0.003688	0.091263	0.004078	-0.39864	-11.4806	711231
1972	96.579323	87.639	96.779099	0.00288	0.028385	0.000812	-0.19978	-9.1401	720131
1972.083	96.818832	90.385	97.25042	0.00248	0.031333	0.00487	-0.43159	-6.86542	720229
1972.167	97.082863	91.174	97.40757	0.002727	0.008729	0.001616	-0.32471	-6.23357	720330
1972.25	97.362358	91.675	97.643188	0.002879	0.005495	0.002419	-0.28083	-5.96819	720428
1972.333	97.655792	93.176	97.957443	0.003014	0.016373	0.003218	-0.30165	-4.78144	720531
1972.417	97.942413	91.229	98.1931	0.002935	-0.0209	0.002406	-0.25069	-6.9641	720630
1972.5	98.248291	90.841	98.585869	0.003123	-0.00425	0.004	-0.33758	-7.74487	720731
1972.583	98.529297	94.109	98.743019	0.00286	0.035975	0.001594	-0.21372	-4.63402	720831
1972.667	98.865547	93.389	99.135834	0.003413	-0.00765	0.003978	-0.27029	-5.74683	720929
1972.75	99.258659	94.2	99.450081	0.003976	0.008684	0.00317	-0.19142	-5.25008	721031
1972.833	99.626808	98.888	99.685791	0.003709	0.049766	0.00237	-0.05898	-0.79779	721130
1972.917	100	100	100	0.003746	0.011245	0.003152	0	0	721229
1973	100.436996	97.392	100.314201	0.00437	-0.02608	0.003142	0.122795	-2.9222	730131
1973.083	100.853798	93.245	101.021202	0.00415	-0.04258	0.007048	-0.1674	-7.7762	730228
1973.167	101.313499	92.692	101.963799	0.004558	-0.00593	0.009331	-0.6503	-9.2718	730330
1973.25	101.8414	88.242	102.670898	0.005211	-0.04801	0.006935	-0.8295	-14.4289	730430
1973.333	102.358498	86.311	103.299301	0.005077	-0.02188	0.006121	-0.9408	-16.9883	730531
1973.417	102.885002	85.637	104.006302	0.005144	-0.00781	0.006844	-1.1213	-18.3693	730629
1973.5	103.542801	90.307	104.241997	0.006394	0.054533	0.002266	-0.6992	-13.935	730731
1973.583	104.267303	87.663	106.127296	0.006997	-0.02928	0.018086	-1.85999	-18.4643	730831
1973.667	104.9785	92.275	106.441498	0.006821	0.052611	0.002961	-1.463	-14.1665	730928
1973.75	105.6632	92.309	107.305603	0.006522	0.000368	0.008118	-1.6424	-14.9966	731031
1973.833	106.252403	81.445	108.091202	0.005576	-0.11769	0.007321	-1.8388	-26.6462	731130
1973.917	106.930298	82.506	108.798203	0.00638	0.013027	0.006541	-1.86791	-26.2922	731231
1974	107.600098	82.7	109.740799	0.006264	0.002351	0.008664	-2.1407	-27.0408	740131
1974.083	108.225502	82.953	111.1549	0.005812	0.003059	0.012886	-2.9294	-28.2019	740228
1974.167	108.828903	81.006	112.411697	0.005575	-0.02347	0.011307	-3.58279	-31.4057	740329
1974.25	109.649803	77.407	113.040199	0.007543	-0.04443	0.005591	-3.3904	-35.6332	740430
1974.333	110.475998	74.436	114.297203	0.007535	-0.03838	0.01112	-3.8212	-39.8612	740531
1974.417	111.141502	72.971	115.397003	0.006024	-0.01968	0.009622	-4.2555	-42.426	740628
1974.5	111.924797	67.864	116.261101	0.007048	-0.06999	0.007488	-4.3363	-48.3971	740731
1974.583	112.591103	62.019	117.753601	0.005953	-0.08613	0.012837	-5.1625	-55.7346	740830
1974.667	113.499603	55.191	119.167603	0.008069	-0.1101	0.012008	-5.668	-63.9766	740930
1974.75	114.073097	64.313	120.188904	0.005053	0.165281	0.00857	-6.11581	-55.8759	741031
1974.833	114.687897	61.604	121.210098	0.00539	-0.04212	0.008497	-6.5222	-59.6061	741129
1974.917	115.487999	60.058	122.074203	0.006976	-0.0251	0.007129	-6.5862	-62.0162	741231
1975	116.160599	68.41	122.6241	0.005824	0.139066	0.004505	-6.4635	-54.2141	750131
1975.083	116.665703	72.487	123.488197	0.004348	0.059597	0.007047	-6.82249	-51.0012	750228
1975.167	117.148102	74.602	123.959503	0.004135	0.029178	0.003817	-6.8114	-49.3575	750331
1975.25	117.660896	78.124	124.587997	0.004377	0.047211	0.00507	-6.9271	-46.464	750430
1975.333	118.173401	82.405	125.137901	0.004356	0.054798	0.004414	-6.9645	-42.7329	750530
1975.417	118.656601	86.654	126.159203	0.004089	0.051562	0.008161	-7.5026	-39.5052	750630
1975.5	119.231598	81.247	127.494598	0.004846	-0.0624	0.010585	-8.263	-46.2476	750731
1975.583	119.804497	79.515	127.887398	0.004805	-0.02132	0.003081	-8.0829	-48.3724	750829
1975.667	120.435501	76.638	128.515793	0.005267	-0.03618	0.004914	-8.08029	-51.8778	750930
1975.75	121.104599	81.072	129.3013	0.005556	0.057856	0.006112	-8.1967	-48.2293	751031
1975.833	121.6008	83.632	130.086807	0.004097	0.031577	0.006075	-8.48601	-46.4548	751128
1975.917	122.190598	82.714	130.636703	0.00485	-0.01098	0.004227	-8.44611	-47.9227	751231
1976	122.762604	93.176	130.950897	0.004681	0.126484	0.002405	-8.18829	-37.7749	760130
1976.083	123.176598	93.53	131.265106	0.003372	0.003799	0.002399	-8.08851	-37.7351	760227
1976.167	123.671402	96.229	131.579407	0.004017	0.028857	0.002394	-7.90801	-35.3504	760331
1976.25	124.190102	95.158	132.129395	0.004194	-0.01113	0.00418	-7.93929	-36.9714	760430
1976.333	124.655098	94.356	132.914902	0.003744	-0.00843	0.005945	-8.2598	-38.5589	760528
1976.417	125.197098	98.709	133.621902	0.004348	0.046134	0.005319	-8.4248	-34.9129	760630
1976.5	125.779999	97.944	134.407593	0.004656	-0.00775	0.00588	-8.62759	-36.4636	760730
1976.583	126.309303	97.937	135.036102	0.004208	-0.00007	0.004676	-8.7268	-37.0991	760831
1976.667	126.861	100.393	135.585999	0.004368	0.025077	0.004072	-8.725	-35.193	760930
1976.75	127.379097	98.225	136.135895	0.004084	-0.0216	0.004056	-8.7568	-37.9109	761029
1976.833	127.883904	98.715	136.528595	0.003963	0.004989	0.002885	-8.64469	-37.8136	761130
1976.917	128.400894	104.644	136.921402	0.004043	0.060062	0.002877	-8.52051	-32.2774	761231
1977	128.862396	100.712	137.706894	0.003594	-0.03758	0.005737	-8.8445	-36.9949	770131
1977.083	129.315308	99.039	139.120895	0.003515	-0.01661	0.010268	-9.80559	-40.0819	770228
1977.167	129.802002	98.045	139.985001	0.003764	-0.01004	0.006211	-10.183	-41.94	770331
1977.25	130.289398	98.429	141.084702	0.003755	0.003917	0.007856	-10.7953	-42.6557	770429
1977.333	130.7733	97.239	141.8703	0.003714	-0.01209	0.005568	-11.097	-44.6313	770531
1977.417	131.294601	102.292	142.813004	0.003986	0.051965	0.006645	-11.5184	-40.521	770630
1977.5	131.841995	100.765	143.441406	0.004169	-0.01493	0.0044	-11.5994	-42.6764	770729
1977.583	132.424103	99.3	143.991302	0.004415	-0.01454	0.003834	-11.5672	-44.6913	770831
1977.667	132.997894	99.374	144.541397	0.004333	0.000745	0.00382	-11.5435	-45.1674	770930
1977.75	133.653198	95.409	144.934097	0.004927	-0.0399	0.002717	-11.2809	-49.5251	771031
1977.833	134.321594	99.608	145.641098	0.005001	0.044011	0.004878	-11.3195	-46.0331	771130
1977.917	134.975403	100.298	146.190994	0.004867	0.006927	0.003776	-11.2156	-45.893	771230
1978	135.635895	94.59	146.976501	0.004893	-0.05691	0.005373	-11.3406	-52.3865	780131
1978.083	136.259598	93.527	147.997696	0.004598	-0.01124	0.006948	-11.7381	-54.4707	780228
1978.167	136.980103	96.571	149.033707	0.005288	0.032547	0.007	-12.0536	-52.4627	780331
1978.25	137.713898	104.55	150.3694	0.005357	0.082623	0.008962	-12.6555	-45.8194	780428
1978.333	138.414597	106.723	151.862	0.005088	0.020784	0.009926	-13.4474	-45.139	780531
1978.417	139.157806	105.404	153.433395	0.005369	-0.01236	0.010348	-14.2756	-48.0294	780630
1978.5	139.935806	111.455	154.533203	0.005591	0.057408	0.007168	-14.5974	-43.0782	780731
1978.583	140.712402	115.835	155.318893	0.00555	0.039298	0.005084	-14.6065	-39.4839	780831
1978.667	141.584793	115.108	156.418594	0.0062	-0.00628	0.00708	-14.8338	-41.3106	780929
1978.75	142.548492	102.911	157.675598	0.006807	-0.10596	0.008036	-15.1271	-54.7646	781031
1978.833	143.546295	106.373	158.539795	0.007	0.033641	0.005481	-14.9935	-52.1668	781130
1978.917	144.669403	108.125	159.404007	0.007824	0.01647	0.005451	-14.7346	-51.279	781229
1979	145.785706	113.28	160.8181	0.007716	0.047676	0.008871	-15.0324	-47.5381	790131
1979.083	146.855499	110.183	162.703506	0.007338	-0.02734	0.011724	-15.848	-52.5205	790228
1979.167	148.049698	117.281	164.274796	0.008132	0.06442	0.009657	-16.2251	-46.9938	790330
1979.25	149.227905	118.179	166.160294	0.007958	0.007657	0.011478	-16.9324	-47.9813	790430
1979.333	150.445602	116.568	168.202896	0.00816	-0.01363	0.012293	-17.7573	-51.6349	790531
1979.417	151.664795	121.937	169.774094	0.008104	0.046059	0.009341	-18.1093	-47.8371	790629
1979.5	152.826202	123.647	171.973907	0.007658	0.014024	0.012957	-19.1477	-48.3269	790731
1979.583	153.998596	131.615	173.702194	0.007671	0.064442	0.01005	-19.7036	-42.0872	790831
1979.667	155.275406	131.808	175.509201	0.008291	0.001466	0.010403	-20.2338	-43.7012	790928
1979.75	156.630096	122.501	177.080597	0.008724	-0.07061	0.008953	-20.4505	-54.5796	791031
1979.833	158.176102	130.247	178.730392	0.00987	0.063232	0.009317	-20.5543	-48.4834	791130
1979.917	159.680695	133.618	180.615906	0.009512	0.025882	0.010549	-20.9352	-46.9979	791231
1980	160.953003	142.311	183.208405	0.007968	0.065059	0.014354	-22.2554	-40.8974	800131
1980.083	162.378693	142.72	185.722397	0.008858	0.002874	0.013722	-23.3437	-43.0024	800229
1980.167	164.335999	126.179	188.393494	0.012054	-0.1159	0.014382	-24.0575	-62.2145	800331
1980.25	166.399399	132.567	190.514801	0.012556	0.050626	0.01126	-24.1154	-57.9478	800430
1980.333	167.746399	140.344	192.400299	0.008095	0.058665	0.009897	-24.6539	-52.0563	800530
1980.417	168.771698	145.447	194.5215	0.006112	0.036361	0.011025	-25.7498	-49.0745	800630
1980.5	169.662994	155.378	194.678696	0.005281	0.068279	0.000808	-25.0157	-39.3007	800731
1980.583	170.746796	158.528	195.935699	0.006388	0.020273	0.006457	-25.1889	-37.4077	800829
1980.667	172.033203	162.996	197.742706	0.007534	0.028184	0.009222	-25.7095	-34.7467	800930
1980.75	173.668396	166.066	199.4711	0.009505	0.018835	0.008741	-25.8027	-33.4051	801031
1980.833	175.330399	183.794	201.278305	0.00957	0.106753	0.00906	-25.9479	-17.4843	801128
1980.917	177.621597	177.368	203.006699	0.013068	-0.03496	0.008587	-25.3851	-25.6387	801231
1981	179.463501	169.953	204.656494	0.01037	-0.04181	0.008127	-25.193	-34.7035	810130
1981.083	181.382202	172.806	206.777802	0.010691	0.016787	0.010365	-25.3956	-33.9718	810227
1981.167	183.572693	180.453	208.270706	0.012077	0.044252	0.00722	-24.698	-27.8177	810331
1981.25	185.547195	177.564	209.6064	0.010756	-0.01601	0.006413	-24.0592	-32.0424	810430
1981.333	187.689194	179.558	211.334793	0.011544	0.01123	0.008246	-23.6456	-31.7768	810529
1981.417	190.218307	178.19	213.141693	0.013475	-0.00762	0.00855	-22.9234	-34.9517	810630
1981.5	192.576599	177.973	215.577103	0.012398	-0.00122	0.011426	-23.0005	-37.6041	810731
1981.583	195.042404	168.264	217.226898	0.012804	-0.05455	0.007653	-22.1845	-48.9629	810831
1981.667	197.468903	157.805	219.426697	0.012441	-0.06216	0.010127	-21.9578	-61.6217	810930
1981.75	199.849197	166.881	219.898102	0.012054	0.057514	0.002148	-20.0489	-53.0171	811030
1981.833	201.982803	174.759	220.526505	0.010676	0.047207	0.002858	-18.5437	-45.7675	811130
1981.917	203.747696	169.788	221.154999	0.008738	-0.02844	0.00285	-17.4073	-51.367	811231
1982	205.369202	165.529	221.940598	0.007958	-0.02508	0.003552	-16.5714	-56.4116	820129
1982.083	207.266296	156.947	222.647705	0.009237	-0.05185	0.003186	-15.3814	-65.7007	820226
1982.167	209.298004	155.501	222.411896	0.009802	-0.00921	-0.00106	-13.1139	-66.9109	820331
1982.25	211.661407	162.019	223.354904	0.011292	0.041916	0.00424	-11.6935	-61.3359	820430
1982.333	213.901993	157.529	225.554993	0.010586	-0.02771	0.00985	-11.653	-68.026	820528
1982.417	215.949707	153.981	228.304703	0.009573	-0.02252	0.012191	-12.355	-74.3237	820630
1982.5	218.218704	150.837	229.561707	0.010507	-0.02042	0.005506	-11.343	-78.7247	820730
1982.583	219.882095	169.673	230.033005	0.007623	0.124877	0.002053	-10.1509	-60.36	820831
1982.667	221.007507	171.788	230.425903	0.005118	0.012465	0.001708	-9.4184	-58.6379	820930
1982.75	222.311707	191.789	231.054504	0.005901	0.116428	0.002728	-8.7428	-39.2655	821029
1982.833	223.721603	200.845	230.661697	0.006342	0.047219	-0.0017	-6.94009	-29.8167	821130
1982.917	225.229004	204.067	229.716003	0.006738	0.016042	-0.0041	-4.487	-25.649	821231
1983	226.774994	211.853	230.266006	0.006864	0.038154	0.002394	-3.49101	-18.413	830131
1983.083	228.177795	217.757	230.344498	0.006186	0.027868	0.000341	-2.1667	-12.5875	830228
1983.167	229.621307	225.122	230.501602	0.006326	0.033822	0.000682	-0.88029	-5.3796	830331
1983.25	231.260803	241.61	232.151306	0.00714	0.07324	0.007157	-0.8905	9.458694	830429
1983.333	232.858093	243.348	233.408401	0.006907	0.007193	0.005415	-0.55031	9.939599	830531
1983.417	234.409103	252.797	234.194	0.006661	0.038829	0.003366	0.215103	18.603	830630
1983.5	236.144196	245.237	235.136902	0.007402	-0.02991	0.004026	1.007294	10.1001	830729
1983.583	237.942703	247.698	235.922501	0.007616	0.010035	0.003341	2.020202	11.7755	830831
1983.667	239.752808	251.827	237.100906	0.007607	0.016669	0.004995	2.651902	14.72609	830930
1983.75	241.577499	246.469	237.729507	0.007611	-0.02128	0.002651	3.847992	8.739493	831031
1983.833	243.276993	253.249	238.122192	0.007035	0.027509	0.001652	5.154801	15.12681	831130
1983.917	245.045395	251.117	238.436493	0.007269	-0.00842	0.00132	6.608902	12.68051	831230
1984	246.9077	248.673	239.772003	0.0076	-0.00973	0.005601	7.135697	8.900997	840131
1984.083	248.669907	239.577	240.871902	0.007137	-0.03658	0.004587	7.798005	-1.2949	840229
1984.167	250.480194	243.428	241.421799	0.00728	0.016074	0.002283	9.058395	2.006201	840330
1984.25	252.518906	244.608	242.600204	0.008139	0.004847	0.004881	9.918702	2.007796	840430
1984.333	254.497894	231.983	243.307297	0.007837	-0.05161	0.002915	11.1906	-11.3243	840531
1984.417	256.415192	237.189	244.093201	0.007534	0.022441	0.00323	12.32199	-6.9042	840629
1984.5	258.514008	233.015	244.878906	0.008185	-0.0176	0.003219	13.6351	-11.8639	840731
1984.583	260.661194	259.332	245.900299	0.008306	0.112941	0.004171	14.7609	13.4317	840831
1984.667	262.899994	259.833	247.078705	0.008589	0.001932	0.004792	15.82129	12.7543	840928
1984.75	265.517792	260.247	247.707306	0.009957	0.001593	0.002544	17.81049	12.53969	841031
1984.833	267.464996	257.706	247.707306	0.007334	-0.00976	0	19.75769	9.998694	841130
1984.917	269.183807	263.912	247.864304	0.006426	0.024082	0.000634	21.3195	16.0477	841231
1985	270.926514	285.086	248.335693	0.006474	0.080231	0.001902	22.59082	36.75031	850131
1985.083	272.492706	289.761	249.357101	0.005781	0.016399	0.004113	23.1356	40.4039	850228
1985.167	274.171204	289.766	250.457108	0.00616	0.000017	0.004411	23.7141	39.30889	850329
1985.25	276.134888	288.866	251.478394	0.007162	-0.00311	0.004078	24.65649	37.38761	850430
1985.333	277.966705	305.798	252.421402	0.006634	0.058615	0.00375	25.5453	53.3766	850531
1985.417	279.508392	310.849	253.203995	0.005546	0.016517	0.0031	26.3044	57.645	850628
1985.5	281.254211	309.964	253.596695	0.006246	-0.00285	0.001551	27.65752	56.3673	850731
1985.583	282.801605	308.664	254.147003	0.005502	-0.00419	0.00217	28.6546	54.517	850830
1985.667	284.512299	297.164	254.932602	0.006049	-0.03726	0.003091	29.5797	42.2314	850930
1985.75	286.358185	310.24	255.718307	0.006488	0.044003	0.003082	30.63988	54.52169	851031
1985.833	288.099915	331.494	256.582611	0.006082	0.068508	0.00338	31.5173	74.91139	851129
1985.917	289.973602	346.149	257.211212	0.006504	0.044209	0.00245	32.76239	88.93779	851231
1986	291.594604	348.465	257.996796	0.00559	0.006691	0.003054	33.59781	90.4682	860131
1986.083	293.138885	373.802	257.289612	0.005296	0.07271	-0.00274	35.84927	116.5124	860228
1986.167	294.884186	394.499	256.111206	0.005954	0.055369	-0.00458	38.77298	138.3878	860331
1986.25	296.420013	389.392	255.561295	0.005208	-0.01295	-0.00215	40.85872	133.8307	860430
1986.333	297.882507	409.438	256.346893	0.004934	0.05148	0.003074	41.53561	153.0911	860530
1986.417	299.44519	415.43	257.60379	0.005246	0.014635	0.004903	41.8414	157.8262	860630
1986.5	301.002289	392.286	257.681091	0.0052	-0.05571	0.0003	43.3212	134.6049	860731
1986.583	302.386993	420.627	258.144897	0.0046	0.072246	0.0018	44.2421	162.4821	860829
1986.667	303.747711	387.655	259.40979	0.0045	-0.07839	0.0049	44.33792	128.2452	860930
1986.75	305.1586	408.026	259.645905	0.004645	0.052549	0.00091	45.51269	148.3801	861031
1986.833	306.349915	415.349	259.881592	0.003904	0.017947	0.000908	46.46832	155.4674	861128
1986.917	307.843109	404.579	260.117615	0.004874	-0.02593	0.000908	47.72549	144.4614	861231
1987	309.120911	456.834	261.68869	0.004151	0.129159	0.00604	47.43222	195.1453	870130
1987.083	310.454498	476.045	262.710114	0.004314	0.042052	0.003903	47.74438	213.3349	870227
1987.167	311.915497	488.054	263.888611	0.004706	0.025227	0.004486	48.02689	224.1654	870331
1987.25	313.30069	480.604	265.302795	0.004441	-0.01526	0.005359	47.99789	215.3012	870430
1987.333	314.478699	483.673	266.088287	0.00376	0.006386	0.002961	48.39041	217.5847	870529
1987.417	315.994202	506.675	267.18811	0.004819	0.047557	0.004133	48.80609	239.4869	870630
1987.5	317.439209	530.488	267.738007	0.004573	0.046999	0.002058	49.7012	262.75	870731
1987.583	318.934692	549.432	269.230591	0.004711	0.035711	0.005575	49.7041	280.2014	870831
1987.667	320.376587	538.094	270.566193	0.004521	-0.02064	0.004961	49.81039	267.5278	870930
1987.75	322.290192	420.712	271.273193	0.005973	-0.21814	0.002613	51.017	149.4388	871030
1987.833	323.40271	389.172	271.665985	0.003452	-0.07497	0.001448	51.73673	117.506	871130
1987.917	324.668488	415.942	271.584595	0.003914	0.068787	-0.0003	53.08389	144.3574	871231
1988	325.623688	434.745	272.290588	0.002942	0.045206	0.0026	53.3331	162.4544	880129
1988.083	327.107208	456.297	272.996704	0.004556	0.049574	0.002593	54.1105	183.3003	880229
1988.167	328.548798	446.09	274.173309	0.004407	-0.02237	0.00431	54.37549	171.9167	880331
1988.25	330.065399	450.845	275.585297	0.004616	0.010659	0.00515	54.4801	175.2597	880429
1988.333	331.733185	452.528	276.526703	0.005053	0.003733	0.003416	55.20648	176.0013	880531
1988.417	333.343109	474.66	277.703308	0.004853	0.048907	0.004255	55.6398	196.9567	880630
1988.5	335.033905	471.806	278.880005	0.005072	-0.00601	0.004237	56.1539	192.926	880729
1988.583	337.023285	458.357	280.056488	0.005938	-0.02851	0.004219	56.9668	178.3005	880831
1988.667	339.101715	475.772	281.939392	0.006167	0.037994	0.006723	57.16232	193.8326	880930
1988.75	341.170502	486.404	282.880798	0.006101	0.022347	0.003339	58.2897	203.5232	881031
1988.833	343.102295	479.225	283.116089	0.005662	-0.01476	0.000832	59.98621	196.1089	881130
1988.917	345.277893	488.717	283.586914	0.006341	0.019807	0.001663	61.69098	205.1301	881230
1989	347.181702	521.642	284.999207	0.005514	0.06737	0.00498	62.18249	236.6428	890131
1989.083	349.310303	512.064	286.175995	0.006131	-0.01836	0.004129	63.13431	225.888	890228
1989.167	351.652802	523.052	287.823486	0.006706	0.021458	0.005757	63.82932	235.2285	890331
1989.25	354.025696	547.939	289.706085	0.006748	0.04758	0.006541	64.31961	258.2329	890428
1989.333	356.812988	569.053	291.353394	0.007873	0.038533	0.005686	65.45959	277.6996	890531
1989.417	359.343811	567.749	292.059387	0.007093	-0.00229	0.002423	67.28442	275.6896	890630
1989.5	361.843109	614.315	292.765289	0.006955	0.082019	0.002417	69.07782	321.5497	890731
1989.583	364.517792	626.664	293.236115	0.007392	0.020102	0.001608	71.28168	333.4279	890831
1989.667	366.903595	624.803	294.177307	0.006545	-0.00297	0.00321	72.72629	330.6257	890929
1989.75	369.385712	607.089	295.589386	0.006765	-0.02835	0.0048	73.79633	311.4996	891031
1989.833	371.921906	619.145	296.295502	0.006866	0.019859	0.002389	75.6264	322.8495	891130
1989.917	374.179504	632.246	296.769592	0.00607	0.02116	0.0016	77.40991	335.4764	891229
1990	376.301086	589.306	299.829315	0.00567	-0.06792	0.01031	76.47177	289.4767	900131
1990.083	378.43811	597.214	301.241486	0.005679	0.013419	0.00471	77.19662	295.9725	900228
1990.167	380.87561	611.275	302.889313	0.006441	0.023544	0.00547	77.9863	308.3857	900330
1990.25	383.493408	594.454	303.359985	0.006873	-0.02752	0.001554	80.13342	291.094	900430
1990.333	386.089996	646.981	304.065887	0.006771	0.088362	0.002327	82.02411	342.9151	900531
1990.417	388.50351	643.268	305.713287	0.006251	-0.00574	0.005418	82.79022	337.5547	900629
1990.5	391.134094	640.622	306.890289	0.006771	-0.00411	0.00385	84.24381	333.7317	900731
1990.583	393.704407	584.612	309.714294	0.006571	-0.08743	0.009202	83.99011	274.8977	900831
1990.667	396.060394	555.97	312.303192	0.005984	-0.04899	0.008359	83.7572	243.6668	900928
1990.75	398.760712	550.733	314.186096	0.006818	-0.00942	0.006029	84.57462	236.5469	901031
1990.833	401.014191	585.321	314.89209	0.005651	0.062804	0.002247	86.1221	270.4289	901130
1990.917	403.415802	601.79	314.89209	0.005989	0.028137	0	88.52371	286.8979	901231
1991	405.504211	627.118	316.774811	0.005177	0.042088	0.005979	88.7294	310.3432	910131
1991.083	407.437408	672.967	317.245605	0.004767	0.073111	0.001486	90.1918	355.7214	910228
1991.167	409.22641	689.366	317.716309	0.004391	0.024368	0.001484	91.5101	371.6497	910328
1991.25	411.409485	691.375	318.18689	0.005335	0.002914	0.001481	93.2226	373.1881	910430
1991.333	413.35199	719.004	319.128693	0.004722	0.039962	0.00296	94.2233	399.8753	910531
1991.417	415.075989	688.747	320.070099	0.004171	-0.04208	0.00295	95.00589	368.6769	910628
1991.5	417.10321	719.934	320.540985	0.004884	0.045281	0.001471	96.56223	399.393	910731
1991.583	419.026001	737.243	321.482391	0.00461	0.024042	0.002937	97.54361	415.7606	910830
1991.667	420.936005	727.662	322.894409	0.004558	-0.013	0.004392	98.0416	404.7676	910930
1991.75	422.723389	739.071	323.365112	0.004246	0.015679	0.001458	99.35828	415.7059	911031
1991.833	424.378204	711.047	324.306488	0.003915	-0.03792	0.002911	100.0717	386.7405	911129
1991.917	425.98761	785.787	324.541901	0.003792	0.105113	0.000726	101.4457	461.2451	911231
1992	427.432007	777.804	325.012512	0.003391	-0.01016	0.00145	102.4195	452.7915	920131
1992.083	428.640686	787.042	326.189301	0.002828	0.011877	0.003621	102.4514	460.8527	920228
1992.167	430.087708	771.246	327.836914	0.003376	-0.02007	0.005051	102.2508	443.4091	920331
1992.25	431.485291	788.483	328.307709	0.00325	0.02235	0.001436	103.1776	460.1753	920430
1992.333	432.675415	792.875	328.778503	0.002758	0.00557	0.001434	103.8969	464.0965	920529
1992.417	434.060211	779.888	329.9552	0.003201	-0.01638	0.003579	104.105	449.9328	920630
1992.5	435.395813	811.57	330.661285	0.003077	0.040624	0.00214	104.7345	480.9087	920731
1992.583	436.529907	795.847	331.602692	0.002605	-0.01937	0.002847	104.9272	464.2443	920831
1992.667	437.653198	803.044	332.544098	0.002573	0.009043	0.002839	105.1091	470.4999	920930
1992.75	438.6539	808.545	333.721008	0.002287	0.00685	0.003539	104.9329	474.824	921030
1992.833	439.682709	836.337	334.191498	0.002345	0.034373	0.00141	105.4912	502.1455	921130
1992.917	440.924011	848.649	333.956207	0.002823	0.014721	-0.0007	106.9678	514.6928	921231
1993	441.953705	856.956	335.603699	0.002335	0.009788	0.004933	106.35	521.3523	930129
1993.083	442.929901	867.446	336.780304	0.002209	0.012241	0.003506	106.1496	530.6657	930226
1993.167	444.053986	888.693	337.957001	0.002538	0.024494	0.003494	106.097	550.736	930331
1993.25	445.1073	868.365	338.898499	0.002372	-0.02287	0.002786	106.2088	529.4665	930430
1993.333	446.072296	889.971	339.372986	0.002168	0.024881	0.0014	106.6993	550.598	930528
1993.417	447.204498	894.619	339.843689	0.002538	0.005223	0.001387	107.3608	554.7753	930630
1993.5	448.278595	893.692	339.843689	0.002402	-0.00104	0	108.4349	553.8483	930730
1993.583	449.401093	927.076	340.785095	0.002504	0.037355	0.00277	108.616	586.2909	930831
1993.667	450.552612	923.204	341.491211	0.002562	-0.00418	0.002072	109.0614	581.7128	930930
1993.75	451.548309	939.156	342.90329	0.00221	0.017279	0.004135	108.645	596.2527	931029
1993.833	452.673096	924.942	343.138489	0.002491	-0.01513	0.000686	109.5346	581.8035	931130
1993.917	453.697296	941.729	343.138489	0.002263	0.018149	0	110.5588	598.5905	931231
1994	454.833008	971.424	344.080109	0.002503	0.031532	0.002744	110.7529	627.3439	940131
1994.083	455.797302	945.534	345.256805	0.00212	-0.02665	0.00342	110.5405	600.2772	940228
1994.167	457.025787	904.935	346.433502	0.002695	-0.04294	0.003408	110.5923	558.5015	940331
1994.25	458.264709	917.414	346.904297	0.002711	0.01379	0.001359	111.3604	570.5097	940429
1994.333	459.708191	927.298	347.139496	0.00315	0.010774	0.000678	112.5687	580.1585	940531
1994.417	461.141693	903.406	348.316193	0.003118	-0.02577	0.00339	112.8255	555.0898	940630
1994.5	462.410004	932.453	349.257813	0.00275	0.032153	0.002703	113.1522	583.1952	940729
1994.583	464.115112	969.116	350.6698	0.003687	0.039319	0.004043	113.4453	618.4462	940831
1994.667	465.81311	948.316	351.611389	0.003659	-0.02146	0.002685	114.2017	596.7046	940930
1994.75	467.602112	961.551	351.846588	0.003841	0.013956	0.000669	115.7555	609.7044	941031
1994.833	469.328003	925.201	352.317413	0.003691	-0.0378	0.001338	117.0106	572.8836	941130
1994.917	471.407013	938.736	352.317413	0.00443	0.014629	0	119.0896	586.4186	941230
1995	473.366211	.	353.729401	0.004156	.	0.004008	119.6368	.	950131
1995.083	475.251495	.	355.14151	0.003983	.	0.003992	120.11	.	950228
1995.167	477.446991	.	356.318115	0.00462	.	0.003313	121.1289	.	950331
1995.25	479.571686	.	357.494995	0.00445	.	0.003303	122.0767	.	950428
1995.333	482.139587	.	358.201111	0.005355	.	0.001975	123.9385	.	950531
1995.417	484.412903	.	358.907104	0.004715	.	0.001971	125.5058	.	950630
1995.5	486.603302	.	358.907104	0.004522	.	0	127.6962	.	950731
1995.583	488.873108	.	359.848511	0.004665	.	0.002623	129.0246	.	950831
1995.667	490.979614	.	360.554504	0.004309	.	0.001962	130.4251	.	950929
1995.75	493.293793	.	361.731415	0.004713	.	0.003264	131.5624	.	951031
1995.833	495.366302	.	361.495911	0.004201	.	-0.00065	133.8704	.	951130
1995.917	497.784607	.	361.968414	0.004882	.	0.001307	135.8162	.	951229
