OLD MANN ET AL NH SERIES
http://www.nature.com/nature/journal/v430/n6995/extref/FigureData/fig7-nh.txt
386 1.0
(13x,f17.4)
   1610.0000     -0.1545
   1611.0000     -0.1805
   1612.0000     -0.2019
   1613.0000     -0.1112
   1614.0000     -0.2106
   1615.0000     -0.3073
   1616.0000     -0.0553
   1617.0000     -0.0839
   1618.0000     -0.1635
   1619.0000     -0.0418
   1620.0000     -0.2001
   1621.0000     -0.1485
   1622.0000     -0.1722
   1623.0000     -0.1957
   1624.0000     -0.1303
   1625.0000     -0.1902
   1626.0000     -0.2190
   1627.0000     -0.2640
   1628.0000     -0.1206
   1629.0000     -0.1999
   1630.0000     -0.0895
   1631.0000     -0.2264
   1632.0000     -0.1319
   1633.0000     -0.1041
   1634.0000     -0.1557
   1635.0000     -0.0935
   1636.0000      0.0889
   1637.0000     -0.0494
   1638.0000     -0.0913
   1639.0000     -0.2241
   1640.0000      0.0224
   1641.0000     -0.2319
   1642.0000     -0.3712
   1643.0000     -0.2418
   1644.0000     -0.2652
   1645.0000     -0.1880
   1646.0000     -0.1888
   1647.0000     -0.2336
   1648.0000     -0.0768
   1649.0000     -0.2464
   1650.0000     -0.1970
   1651.0000     -0.3015
   1652.0000     -0.1405
   1653.0000     -0.1507
   1654.0000     -0.2456
   1655.0000     -0.1104
   1656.0000      0.0031
   1657.0000      0.0173
   1658.0000     -0.1199
   1659.0000     -0.1432
   1660.0000     -0.2693
   1661.0000     -0.2500
   1662.0000     -0.0172
   1663.0000     -0.2825
   1664.0000     -0.4336
   1665.0000     -0.2957
   1666.0000     -0.1623
   1667.0000     -0.3248
   1668.0000     -0.1731
   1669.0000     -0.2153
   1670.0000     -0.2257
   1671.0000     -0.2695
   1672.0000     -0.3412
   1673.0000     -0.3582
   1674.0000     -0.3115
   1675.0000     -0.1845
   1676.0000     -0.3668
   1677.0000     -0.2128
   1678.0000     -0.3192
   1679.0000     -0.3613
   1680.0000     -0.3469
   1681.0000     -0.2028
   1682.0000     -0.0593
   1683.0000     -0.2398
   1684.0000     -0.2031
   1685.0000     -0.3198
   1686.0000     -0.2383
   1687.0000     -0.2621
   1688.0000     -0.2876
   1689.0000     -0.2116
   1690.0000     -0.2036
   1691.0000     -0.1043
   1692.0000     -0.3388
   1693.0000     -0.1075
   1694.0000     -0.0384
   1695.0000     -0.2324
   1696.0000     -0.1979
   1697.0000     -0.1888
   1698.0000     -0.2870
   1699.0000     -0.2211
   1700.0000     -0.3271
   1701.0000     -0.3648
   1702.0000     -0.2702
   1703.0000     -0.2411
   1704.0000     -0.2219
   1705.0000     -0.2314
   1706.0000     -0.2541
   1707.0000     -0.0982
   1708.0000     -0.1676
   1709.0000     -0.0673
   1710.0000     -0.0823
   1711.0000     -0.1492
   1712.0000     -0.1107
   1713.0000     -0.0335
   1714.0000     -0.2836
   1715.0000     -0.2879
   1716.0000     -0.3115
   1717.0000     -0.2243
   1718.0000     -0.2082
   1719.0000     -0.1171
   1720.0000     -0.1378
   1721.0000     -0.2048
   1722.0000     -0.0960
   1723.0000      0.0329
   1724.0000      0.1312
   1725.0000     -0.3039
   1726.0000     -0.1557
   1727.0000     -0.0255
   1728.0000     -0.0391
   1729.0000      0.0468
   1730.0000      0.0360
   1731.0000     -0.1455
   1732.0000     -0.2893
   1733.0000     -0.1069
   1734.0000     -0.2763
   1735.0000     -0.1342
   1736.0000     -0.1720
   1737.0000     -0.0917
   1738.0000     -0.0710
   1739.0000     -0.1798
   1740.0000     -0.1106
   1741.0000      0.0241
   1742.0000     -0.1868
   1743.0000     -0.2656
   1744.0000     -0.2942
   1745.0000     -0.1848
   1746.0000     -0.3130
   1747.0000     -0.1975
   1748.0000      0.0375
   1749.0000      0.0845
   1750.0000     -0.1268
   1751.0000     -0.1140
   1752.0000     -0.0685
   1753.0000     -0.1434
   1754.0000     -0.0435
   1755.0000     -0.0564
   1756.0000     -0.1231
   1757.0000     -0.1412
   1758.0000     -0.2615
   1759.0000     -0.1603
   1760.0000     -0.0624
   1761.0000     -0.1264
   1762.0000     -0.1952
   1763.0000     -0.1394
   1764.0000     -0.2461
   1765.0000     -0.1750
   1766.0000     -0.0353
   1767.0000      0.0479
   1768.0000     -0.0388
   1769.0000     -0.1315
   1770.0000     -0.0085
   1771.0000      0.0607
   1772.0000      0.0841
   1773.0000     -0.0405
   1774.0000      0.0262
   1775.0000      0.0830
   1776.0000     -0.0347
   1777.0000     -0.1622
   1778.0000     -0.1224
   1779.0000     -0.2332
   1780.0000     -0.1757
   1781.0000     -0.0616
   1782.0000     -0.0820
   1783.0000     -0.0814
   1784.0000     -0.0428
   1785.0000     -0.0980
   1786.0000     -0.1370
   1787.0000     -0.2066
   1788.0000     -0.1006
   1789.0000     -0.0079
   1790.0000     -0.1130
   1791.0000     -0.0659
   1792.0000      0.0052
   1793.0000     -0.0127
   1794.0000     -0.0243
   1795.0000     -0.0520
   1796.0000     -0.0365
   1797.0000     -0.2146
   1798.0000     -0.1554
   1799.0000     -0.1406
   1800.0000     -0.1295
   1801.0000     -0.0021
   1802.0000     -0.1835
   1803.0000     -0.0645
   1804.0000      0.0079
   1805.0000      0.0953
   1806.0000     -0.0280
   1807.0000     -0.1075
   1808.0000      0.0375
   1809.0000     -0.0867
   1810.0000     -0.0640
   1811.0000     -0.0907
   1812.0000     -0.0776
   1813.0000     -0.1206
   1814.0000     -0.0285
   1815.0000     -0.2025
   1816.0000     -0.2240
   1817.0000     -0.3249
   1818.0000     -0.2912
   1819.0000     -0.1985
   1820.0000     -0.3537
   1821.0000     -0.1978
   1822.0000     -0.2771
   1823.0000     -0.1874
   1824.0000     -0.2137
   1825.0000     -0.2473
   1826.0000      0.0105
   1827.0000     -0.1770
   1828.0000     -0.0968
   1829.0000     -0.0512
   1830.0000     -0.0423
   1831.0000     -0.0756
   1832.0000     -0.1311
   1833.0000     -0.1460
   1834.0000     -0.0830
   1835.0000     -0.3065
   1836.0000     -0.1935
   1837.0000     -0.3154
   1838.0000     -0.2916
   1839.0000     -0.2221
   1840.0000     -0.1808
   1841.0000     -0.1153
   1842.0000     -0.1557
   1843.0000     -0.1702
   1844.0000     -0.1072
   1845.0000     -0.1476
   1846.0000     -0.1896
   1847.0000     -0.0492
   1848.0000     -0.2027
   1849.0000     -0.3373
   1850.0000     -0.2073
   1851.0000     -0.1492
   1852.0000     -0.1674
   1853.0000     -0.1030
   1854.0000     -0.2073
   1855.0000     -0.0684
   1856.0000     -0.1402
   1857.0000     -0.1823
   1858.0000     -0.1943
   1859.0000     -0.1629
   1860.0000     -0.2250
   1861.0000     -0.1912
   1862.0000     -0.2420
   1863.0000     -0.2443
   1864.0000     -0.2369
   1865.0000     -0.0311
   1866.0000     -0.0252
   1867.0000     -0.1179
   1868.0000     -0.2008
   1869.0000     -0.1953
   1870.0000     -0.1709
   1871.0000     -0.1269
   1872.0000     -0.1801
   1873.0000     -0.1895
   1874.0000     -0.1673
   1875.0000     -0.1371
   1876.0000     -0.1165
   1877.0000     -0.1008
   1878.0000     -0.0416
   1879.0000     -0.1641
   1880.0000     -0.1138
   1881.0000     -0.1188
   1882.0000     -0.1608
   1883.0000     -0.1592
   1884.0000     -0.1476
   1885.0000     -0.1730
   1886.0000     -0.0485
   1887.0000     -0.1054
   1888.0000     -0.0365
   1889.0000      0.0210
   1890.0000     -0.1021
   1891.0000     -0.1000
   1892.0000     -0.2478
   1893.0000     -0.1869
   1894.0000     -0.1397
   1895.0000     -0.0602
   1896.0000      0.0185
   1897.0000     -0.0208
   1898.0000     -0.2477
   1899.0000     -0.2746
   1900.0000     -0.0611
   1901.0000      0.0416
   1902.0000     -0.1561
   1903.0000     -0.2920
   1904.0000     -0.2145
   1905.0000     -0.1250
   1906.0000      0.0024
   1907.0000     -0.2199
   1908.0000     -0.3460
   1909.0000     -0.2433
   1910.0000     -0.2388
   1911.0000     -0.1980
   1912.0000     -0.2123
   1913.0000     -0.1264
   1914.0000     -0.1297
   1915.0000     -0.0682
   1916.0000     -0.1691
   1917.0000     -0.1753
   1918.0000     -0.2469
   1919.0000     -0.0717
   1920.0000     -0.2930
   1921.0000     -0.2376
   1922.0000     -0.2633
   1923.0000     -0.1319
   1924.0000     -0.1446
   1925.0000     -0.0825
   1926.0000     -0.0812
   1927.0000     -0.0678
   1928.0000     -0.0858
   1929.0000     -0.1906
   1930.0000     -0.0091
   1931.0000     -0.1622
   1932.0000     -0.1507
   1933.0000     -0.0868
   1934.0000     -0.0174
   1935.0000      0.0405
   1936.0000      0.1100
   1937.0000      0.1734
   1938.0000      0.0731
   1939.0000      0.1078
   1940.0000      0.1116
   1941.0000      0.1183
   1942.0000      0.1066
   1943.0000      0.0291
   1944.0000      0.2277
   1945.0000      0.1033
   1946.0000      0.0543
   1947.0000      0.1575
   1948.0000      0.0703
   1949.0000     -0.0880
   1950.0000     -0.0402
   1951.0000      0.0638
   1952.0000      0.1300
   1953.0000      0.0719
   1954.0000      0.1484
   1955.0000      0.1659
   1956.0000      0.0921
   1957.0000      0.1901
   1958.0000      0.2186
   1959.0000      0.0871
   1960.0000      0.2306
   1961.0000      0.1431
   1962.0000      0.0993
   1963.0000      0.2087
   1964.0000      0.0464
   1965.0000      0.0798
   1966.0000      0.2124
   1967.0000      0.0932
   1968.0000      0.1757
   1969.0000      0.2403
   1970.0000      0.1296
   1971.0000     -0.0058
   1972.0000      0.0189
   1973.0000      0.0961
   1974.0000      0.0078
   1975.0000     -0.0057
   1976.0000      0.1164
   1977.0000      0.1492
   1978.0000      0.2255
   1979.0000      0.2385
   1980.0000      0.2124
   1981.0000      0.3821
   1982.0000      0.1555
   1983.0000      0.3992
   1984.0000      0.1025
   1985.0000      0.0390
   1986.0000      0.1981
   1987.0000      0.3587
   1988.0000      0.4126
   1989.0000      0.3791
   1990.0000      0.5741
   1991.0000      0.4240
   1992.0000      0.2700
   1993.0000      0.3000
   1994.0000      0.4500
   1995.0000      0.6600
