SMSA	Coverage	DTC	Age	Years	Specialty	Subscribe	Num Hospital	Conference	Practice Size	Visits	Program	Details Nosorr	Details Paenex	Details Other	Total Details	Mention Nosor	Minutes Nosorr	Samples Nosorr	Samples Paenex	Samples Other	Rx Nosorr	Rx Paenex	Rx Other	TotalRx	TherDays Nosorr	TherDays Paenex	TherDays Other	
Minneapolis	0.88	1.5	49	22	PD	NO	3	YES	4	170	YES	1	3	1	5	3	7	31	95	15	15	17	12	44	87	107	103	
Minneapolis	0.88	1.5	30	0	PD	NO	0	NO	3	159	YES	6	1	3	10	26	79	117	40	38	28	21	11	60	144	129	92	
Minneapolis	0.88	1.5	64	38	RH	YES	5	YES	1	545	NO	8	5	10	23	32	111	146	159	91	210	77	226	513	4124	1338	4283	
Minneapolis	0.88	1.5	48	23	GP	NO	5	YES	3	217	NO	1	3	4	8	3	6	13	89	39	43	82	69	194	416	793	590	
Minneapolis	0.88	1.5	32	0	PD	YES	5	YES	6	329	NO	4	3	5	12	7	25	89	80	39	71	23	54	148	453	114	371	
Minneapolis	0.88	1.5	55	34	GP	YES	5	YES	6	411	NO	2	4	8	14	4	17	36	129	86	110	91	104	305	981	861	896	
Minneapolis	0.88	1.5	56	24	RH	YES	5	YES	5	471	NO	4	4	7	15	16	42	61	131	65	67	87	115	269	1263	1661	1962	
Minneapolis	0.88	1.5	62	22	GP	NO	5	YES	3	232	NO	2	2	5	9	6	11	43	47	47	31	87	63	181	291	739	583	
Minneapolis	0.88	1.5	50	16	RH	YES	3	NO	13	747	YES	10	5	10	25	30	82	205	151	116	228	146	199	573	4408	2877	3871	
Minneapolis	0.88	1.5	35	15	PD	NO	1	NO	6	304	YES	4	4	8	16	14	37	69	113	74	20	24	28	72	139	154	148	
Minneapolis	0.88	1.5	41	11	RH	YES	4	NO	8	699	YES	2	7	12	21	4	18	47	213	117	29	241	207	477	561	4653	4068	
Minneapolis	0.88	1.5	58	31	PD	YES	2	NO	10	387	YES	4	4	10	18	10	41	78	97	110	37	17	56	110	235	118	322	
Minneapolis	0.88	1.5	39	12	PD	NO	5	YES	5	282	NO	2	6	8	16	7	27	52	145	75	34	50	48	132	197	299	309	
Minneapolis	0.88	1.5	64	38	PD	NO	5	YES	5	265	NO	1	2	5	8	3	4	14	59	55	15	63	61	139	87	365	378	
Minneapolis	0.88	1.5	47	16	RH	YES	4	YES	4	610	NO	4	4	8	16	13	34	86	111	93	109	26	130	265	2035	459	2298	
Minneapolis	0.88	1.5	33	0	GP	NO	5	NO	4	351	YES	4	2	5	11	16	49	65	54	62	47	65	87	199	458	636	805	
Minneapolis	0.88	1.5	33	7	GP	NO	4	NO	2	320	YES	5	5	4	14	16	42	102	128	51	42	66	38	146	389	604	343	
Minneapolis	0.88	1.5	44	4	PD	NO	4	YES	6	287	YES	6	3	3	12	13	42	102	76	35	25	30	32	87	113	173	186	
North Charleston	0.77	1	64	37	GP	YES	5	YES	2	292	NO	3	2	1	6	7	18	68	64	8	63	62	13	138	551	561	103	
North Charleston	0.77	1	61	44	GP	NO	3	YES	4	277	NO	3	3	6	12	11	24	59	88	44	34	104	94	232	330	906	862	
North Charleston	0.77	1	33	15	GP	NO	1	NO	3	249	YES	4	6	3	13	15	41	64	187	47	65	66	29	160	558	606	264	
North Charleston	0.77	1	47	19	GP	YES	4	YES	2	258	NO	3	2	2	7	8	22	61	78	18	36	54	23	113	336	518	220	
North Charleston	0.77	1	51	9	PD	NO	3	NO	6	356	YES	5	1	5	11	16	46	73	35	37	50	5	37	92	299	26	197	
North Charleston	0.77	1	45	18	PD	YES	4	NO	1	162	YES	1	4	3	8	6	18	14	117	30	5	37	13	55	59	222	87	
North Charleston	0.77	1	47	27	GP	YES	5	YES	4	321	NO	1	5	7	13	5	13	30	163	77	5	75	52	132	45	735	429	
North Charleston	0.77	1	65	40	GP	YES	4	NO	3	252	YES	2	3	4	9	6	10	29	107	38	57	41	48	146	512	363	457	
North Charleston	0.77	1	51	21	RH	YES	5	YES	8	667	YES	5	4	10	19	19	66	98	116	124	65	185	225	475	1280	3191	4261	
North Charleston	0.77	1	48	15	RH	YES	3	YES	5	578	YES	8	3	4	15	25	72	139	101	38	230	101	81	412	4336	1905	1619	
North Charleston	0.77	1	31	6	GP	NO	5	YES	7	329	NO	3	4	6	13	12	36	57	146	52	55	57	73	185	473	484	654	
North Charleston	0.77	1	49	29	RH	NO	2	NO	15	801	NO	5	7	14	26	20	66	108	214	153	113	167	288	568	2251	3126	5660	
North Charleston	0.77	1	41	17	PD	NO	5	YES	6	266	NO	2	4	5	11	5	11	49	133	36	17	22	24	63	107	144	147	
North Charleston	0.77	1	40	12	RH	NO	3	YES	5	632	YES	6	5	7	18	19	50	133	139	86	88	209	179	476	1599	3951	3378	
North Charleston	0.77	1	49	25	GP	NO	2	NO	7	434	YES	6	6	11	23	22	55	107	185	118	57	101	127	285	526	915	1142	
North Charleston	0.77	1	30	1	GP	NO	2	NO	1	332	YES	3	3	9	15	12	51	61	91	85	37	97	91	225	314	790	776	
North Charleston	0.77	1	33	0	RH	YES	5	YES	2	431	NO	2	6	5	13	5	16	39	149	54	65	105	82	252	1221	2038	1573	
North Charleston	0.77	1	65	40	PD	YES	3	YES	4	227	YES	1	1	3	5	2	4	22	31	38	18	42	37	97	122	239	224	
North Charleston	0.77	1	42	19	GP	NO	3	NO	7	395	YES	2	2	14	18	12	32	32	60	146	35	11	142	188	337	101	1267	
Durham	0.85	2	31	8	PD	YES	5	YES	3	148	NO	3	3	5	11	7	23	49	94	41	12	9	22	43	62	38	144	
Durham	0.85	2	32	0	GP	YES	5	NO	8	447	YES	5	8	7	20	19	58	100	248	71	89	123	90	302	757	1051	763	
Durham	0.85	2	47	24	RH	YES	4	YES	3	424	NO	4	3	10	17	23	65	74	94	86	73	74	119	266	1454	1377	2289	
Durham	0.85	2	46	9	RH	NO	5	NO	5	448	NO	6	2	6	14	20	67	123	72	53	75	74	123	272	1434	1381	2283	
Durham	0.85	2	45	16	RH	NO	1	NO	8	578	YES	6	4	8	18	20	65	115	126	78	199	133	174	506	3717	2535	3268	
Durham	0.85	2	58	27	PD	NO	5	NO	8	364	NO	3	2	5	10	14	33	51	70	44	54	32	72	158	333	150	362	
Durham	0.85	2	42	10	RH	NO	3	NO	3	463	YES	5	2	6	13	19	62	107	64	45	123	59	73	255	2193	1052	1379	
Durham	0.85	2	59	35	RH	YES	5	YES	4	469	NO	2	5	3	10	3	8	48	149	35	132	80	87	299	2526	1309	1540	
Durham	0.85	2	46	19	GP	YES	4	NO	4	343	NO	3	6	4	13	10	42	50	186	56	55	42	77	174	508	402	682	
Durham	0.85	2	31	0	PD	YES	5	YES	5	248	NO	3	2	4	9	10	27	60	63	41	35	11	38	84	205	44	249	
Durham	0.85	2	35	10	GP	YES	5	YES	7	473	NO	2	2	8	12	9	27	38	48	69	45	73	152	270	333	603	1332	
Durham	0.85	2	37	8	RH	NO	1	NO	3	491	YES	4	6	9	19	13	46	88	177	74	52	156	103	311	985	2758	1991	
Durham	0.85	2	46	13	GP	NO	3	NO	3	336	YES	2	2	4	8	8	20	43	78	33	110	41	65	216	1037	378	498	
Durham	0.85	2	36	1	PD	YES	4	NO	3	142	NO	1	2	4	7	3	13	22	60	39	19	8	11	38	135	50	41	
Durham	0.85	2	59	36	RH	NO	3	NO	7	749	YES	9	4	11	24	29	99	184	113	112	181	155	263	599	3384	2947	4890	
Durham	0.85	2	39	15	RH	YES	2	NO	4	561	YES	5	6	11	22	12	34	100	154	102	121	77	166	364	2434	1556	3034	
Durham	0.85	2	32	1	GP	NO	5	YES	1	186	NO	2	3	4	9	7	26	28	79	39	40	41	30	111	384	395	277	
Durham	0.85	2	62	28	PD	YES	2	NO	9	344	YES	3	3	4	10	6	20	75	93	35	25	58	40	123	120	340	262	
Durham	0.85	2	44	17	PD	NO	5	YES	4	218	NO	3	1	5	9	11	29	62	27	52	36	25	22	83	233	143	100	
Durham	0.85	2	56	30	RH	YES	5	NO	2	546	NO	5	6	16	27	10	30	95	164	155	96	57	178	331	1897	1151	3310	
Atlanta	0.98	2	63	29	GP	NO	4	YES	10	450	NO	2	2	6	10	9	27	35	76	66	61	63	184	308	463	612	1665	
Atlanta	0.98	2	30	0	GP	NO	5	YES	2	223	NO	1	4	3	8	6	18	29	110	28	23	74	32	129	207	584	308	
Atlanta	0.98	2	56	31	GP	YES	2	NO	4	227	YES	2	4	3	9	7	23	38	122	22	41	40	33	114	352	385	296	
Atlanta	0.98	2	60	32	GP	YES	5	NO	2	320	NO	2	2	5	9	5	16	28	58	37	91	73	104	268	755	639	912	
Atlanta	0.98	2	41	18	GP	NO	4	YES	9	553	YES	5	3	8	16	17	44	114	88	68	45	92	113	250	447	839	1022	
Atlanta	0.98	2	58	26	RH	NO	2	NO	2	542	YES	3	9	8	20	8	28	74	255	72	84	174	189	447	1534	3318	3747	
Atlanta	0.98	2	31	2	RH	NO	5	YES	1	509	YES	10	4	6	20	28	99	191	144	91	95	77	155	327	1674	1465	3023	
Atlanta	0.98	2	49	18	RH	NO	5	YES	2	444	NO	6	4	2	12	26	63	108	106	23	82	107	30	219	1484	2066	632	
Atlanta	0.98	2	38	15	RH	YES	5	YES	9	776	NO	4	10	19	33	10	24	76	275	177	70	309	230	609	1193	5963	4540	
Atlanta	0.98	2	57	35	RH	YES	2	NO	4	532	YES	5	4	9	18	11	21	145	140	85	128	72	146	346	2615	1374	2840	
Atlanta	0.98	2	32	1	GP	NO	4	YES	6	397	NO	4	5	5	14	12	32	100	160	57	55	115	55	225	441	1016	567	
Atlanta	0.98	2	60	31	RH	YES	4	NO	1	393	NO	2	4	9	15	6	18	48	113	75	8	57	97	162	137	1091	1668	
Atlanta	0.98	2	40	13	GP	YES	5	YES	4	286	YES	3	4	3	10	9	34	75	125	27	95	60	73	228	837	500	657	
Atlanta	0.98	2	45	6	RH	NO	0	NO	1	408	YES	2	1	5	8	14	32	54	39	60	61	40	157	258	1193	703	2957	
Atlanta	0.98	2	64	36	RH	YES	4	NO	7	589	YES	8	5	9	22	21	59	165	111	81	155	172	208	535	2870	3148	3841	
Atlanta	0.98	2	56	30	RH	YES	0	YES	6	589	NO	4	2	11	17	17	48	75	65	107	130	72	178	380	2420	1404	3367	
Atlanta	0.98	2	45	21	GP	NO	3	NO	2	285	YES	4	1	8	13	8	23	72	36	90	74	26	98	198	649	228	903	
Atlanta	0.98	2	50	24	RH	NO	5	YES	3	511	YES	4	5	7	16	9	28	84	149	71	164	131	175	470	3069	2486	3309	
Atlanta	0.98	2	58	33	RH	NO	3	NO	4	571	YES	7	4	10	21	20	72	170	124	98	138	69	197	404	2683	1333	3503	
Pittsburgh	0.88	2	40	3	RH	NO	5	YES	3	564	NO	3	4	11	18	7	14	50	129	100	74	117	236	427	1505	2033	4469	
Pittsburgh	0.88	2	46	17	PD	YES	2	NO	3	182	YES	4	2	5	11	22	74	90	66	45	42	12	38	92	251	62	201	
Pittsburgh	0.88	2	35	12	GP	NO	3	NO	3	213	YES	1	1	2	4	5	12	24	26	23	41	28	85	154	372	260	676	
Pittsburgh	0.88	2	62	34	RH	YES	4	NO	6	589	NO	3	6	10	19	10	32	60	209	88	129	142	153	424	2529	2883	2954	
Pittsburgh	0.88	2	46	27	RH	YES	4	YES	6	551	NO	6	2	7	15	20	62	123	69	67	147	74	183	404	2990	1383	3609	
Pittsburgh	0.88	2	64	40	PD	NO	5	YES	2	148	YES	1	5	3	9	1	0	28	154	27	3	36	24	63	9	202	191	
Pittsburgh	0.88	2	57	20	PD	YES	2	NO	7	286	NO	1	3	4	8	4	15	23	77	54	25	22	25	72	157	126	161	
Pittsburgh	0.88	2	48	22	GP	NO	1	NO	2	186	YES	2	4	3	9	5	16	38	112	26	16	30	22	68	157	282	190	
Pittsburgh	0.88	2	54	23	GP	YES	5	YES	4	316	NO	4	6	6	16	15	54	71	203	52	58	86	39	183	499	802	334	
Pittsburgh	0.88	2	37	6	GP	NO	1	NO	4	384	YES	7	3	10	20	18	53	136	96	112	95	24	108	227	866	228	965	
Pittsburgh	0.88	2	50	23	GP	NO	2	YES	4	288	YES	4	1	5	10	12	38	82	26	64	32	11	51	94	300	82	427	
Pittsburgh	0.88	2	43	13	PD	NO	1	NO	6	275	YES	2	1	3	6	4	13	38	43	31	30	27	38	95	162	149	259	
Pittsburgh	0.88	2	45	15	GP	YES	3	NO	6	364	NO	2	4	5	11	4	7	37	121	50	29	72	93	194	249	650	806	
Pittsburgh	0.88	2	47	17	RH	YES	3	NO	5	550	YES	8	4	10	22	17	51	138	120	80	147	101	165	413	2886	1869	3179	
Pittsburgh	0.88	2	35	3	PD	YES	5	YES	4	184	NO	3	1	4	8	11	40	74	21	32	39	10	14	63	182	41	61	
Pittsburgh	0.88	2	44	18	GP	NO	1	YES	1	211	YES	1	2	7	10	3	11	29	60	66	17	41	57	115	148	385	550	
Pittsburgh	0.88	2	35	0	RH	NO	5	YES	7	701	YES	4	5	15	24	16	60	85	170	170	146	170	306	622	2628	3169	5766	
Pittsburgh	0.88	2	62	35	PD	YES	5	YES	1	104	NO	2	2	2	6	5	21	31	63	17	8	16	6	30	54	75	48	
Pittsburgh	0.88	2	45	18	RH	NO	1	NO	5	530	YES	6	6	12	24	20	59	114	187	110	67	115	193	375	1286	2254	3513	
Pittsburgh	0.88	2	57	29	PD	YES	3	NO	3	233	YES	3	4	4	11	10	30	57	129	40	12	38	26	76	74	231	138	
West Palm Beach	0.87	0	37	17	RH	NO	5	YES	5	585	NO	5	2	10	17	18	45	132	54	93	141	51	203	395	2839	989	3723	
West Palm Beach	0.87	0	31	0	GP	NO	1	NO	2	239	YES	3	2	6	11	12	35	74	67	63	43	50	53	146	406	463	445	
West Palm Beach	0.87	0	54	24	PD	NO	3	NO	2	161	NO	2	1	5	8	6	23	38	20	56	5	5	28	38	34	15	189	
West Palm Beach	0.87	0	55	27	GP	YES	5	YES	9	438	YES	1	4	11	16	4	10	17	117	102	17	104	149	270	148	931	1241	
West Palm Beach	0.87	0	33	4	RH	YES	5	YES	4	582	YES	8	6	15	29	20	60	159	172	165	179	59	199	437	3479	1050	4047	
West Palm Beach	0.87	0	62	41	PD	YES	1	NO	7	367	YES	2	3	3	8	7	21	34	87	29	48	23	32	103	230	126	201	
West Palm Beach	0.87	0	44	14	PD	NO	1	YES	4	150	YES	1	3	2	6	6	22	27	95	35	15	28	12	55	101	114	66	
West Palm Beach	0.87	0	64	36	RH	YES	5	YES	2	391	NO	3	7	8	18	8	19	66	221	54	35	96	107	238	667	1805	2046	
West Palm Beach	0.87	0	37	16	PD	YES	5	YES	3	153	NO	4	3	3	10	18	51	87	57	29	20	28	20	68	112	157	134	
West Palm Beach	0.87	0	55	28	RH	YES	1	YES	2	351	NO	8	4	3	15	33	101	177	121	27	138	44	52	234	2431	735	1067	
West Palm Beach	0.87	0	64	32	PD	YES	0	NO	7	299	YES	3	2	3	8	15	42	53	59	26	63	13	42	118	372	85	285	
West Palm Beach	0.87	0	34	5	PD	NO	5	YES	5	252	NO	4	2	2	8	19	58	84	59	21	25	29	16	70	160	155	60	
West Palm Beach	0.87	0	32	10	GP	YES	1	NO	10	554	YES	5	4	11	20	11	41	133	125	108	58	70	147	275	577	640	1284	
West Palm Beach	0.87	0	51	28	GP	NO	1	NO	7	360	NO	2	4	5	11	8	26	56	107	63	16	93	113	222	153	853	977	
West Palm Beach	0.87	0	60	24	PD	YES	3	YES	2	181	NO	3	3	3	9	5	17	60	96	29	17	28	17	62	104	179	93	
West Palm Beach	0.87	0	62	25	RH	YES	5	YES	3	506	NO	3	2	6	11	8	18	69	54	53	117	109	176	402	2170	2094	3199	
West Palm Beach	0.87	0	58	27	RH	NO	4	NO	4	548	NO	5	5	10	20	15	54	104	153	102	138	82	162	382	2541	1546	2968	
West Palm Beach	0.87	0	65	42	PD	YES	4	YES	1	141	NO	1	2	4	7	1	1	30	51	41	13	38	33	84	69	226	163	
West Palm Beach	0.87	0	33	15	PD	NO	1	YES	4	202	YES	2	3	4	9	11	29	37	78	49	18	23	43	84	100	133	264	
West Palm Beach	0.87	0	44	18	GP	NO	4	NO	4	272	YES	4	4	4	12	9	30	89	153	38	72	33	61	166	622	319	598	
Suffolk	0.82	1	32	0	GP	NO	4	NO	3	401	NO	6	3	13	22	15	50	125	102	132	33	37	75	145	334	340	717	
Suffolk	0.82	1	51	21	RH	YES	5	YES	3	493	YES	3	4	9	16	15	40	63	147	77	60	49	221	330	1030	892	4304	
Suffolk	0.82	1	47	22	GP	NO	3	NO	7	406	YES	5	5	10	20	15	49	95	152	102	47	114	110	271	437	1030	994	
Suffolk	0.82	1	44	3	PD	NO	5	YES	7	286	NO	2	3	2	7	11	27	17	75	18	8	41	43	92	32	220	276	
Suffolk	0.82	1	61	31	RH	YES	5	YES	6	659	YES	4	4	10	18	16	56	72	110	102	55	67	108	230	1059	1313	2081	
Suffolk	0.82	1	35	11	RH	NO	1	NO	7	542	YES	4	7	8	19	23	61	82	180	68	81	150	195	426	1520	3031	3817	
Suffolk	0.82	1	56	29	GP	NO	5	NO	2	263	NO	6	5	3	14	14	44	153	122	23	71	112	42	225	644	953	409	
Suffolk	0.82	1	34	13	RH	NO	1	NO	2	484	YES	4	1	5	10	11	41	77	28	43	159	49	178	386	3040	957	3293	
Suffolk	0.82	1	36	1	GP	NO	4	NO	2	244	NO	5	6	4	15	18	54	91	181	39	77	51	30	158	657	423	287	
Suffolk	0.82	1	52	15	PD	NO	5	YES	6	268	YES	4	2	5	11	16	40	89	49	57	20	30	49	99	132	190	275	
Suffolk	0.82	1	56	28	RH	NO	5	NO	4	592	NO	5	8	8	21	16	52	101	264	93	106	163	258	527	2124	2953	4977	
Suffolk	0.82	1	35	7	PD	NO	2	NO	1	104	YES	1	1	6	8	6	15	20	25	50	10	10	26	46	38	60	149	
Suffolk	0.82	1	57	32	RH	YES	5	YES	2	464	NO	7	6	9	22	27	76	139	164	105	124	128	147	399	2590	2493	2854	
Suffolk	0.82	1	52	27	GP	YES	5	YES	7	441	NO	6	4	3	13	17	49	133	121	47	163	155	118	436	1549	1378	1065	
Suffolk	0.82	1	52	21	RH	YES	5	NO	5	621	NO	6	5	11	22	18	58	139	128	114	110	171	189	470	2115	3432	3539	
Suffolk	0.82	1	61	29	PD	NO	3	YES	4	221	YES	1	5	5	11	4	12	32	142	50	14	34	30	78	102	189	155	
Suffolk	0.82	1	31	2	GP	YES	3	NO	4	381	NO	3	3	8	14	8	20	46	70	96	78	33	131	242	690	297	1264	
Suffolk	0.82	1	62	32	GP	NO	3	NO	5	321	NO	4	3	5	12	17	54	68	96	43	66	64	95	225	549	610	800	
Suffolk	0.82	1	31	0	RH	YES	5	YES	6	629	YES	4	7	8	19	16	34	71	214	99	57	171	185	413	1034	3108	3579	
Gary	0.88	3	61	24	GP	NO	3	NO	3	329	YES	4	3	2	9	14	52	79	105	11	98	49	11	158	836	422	112	
Gary	0.88	3	51	21	RH	NO	2	NO	4	486	YES	5	3	9	17	13	34	111	84	88	157	121	123	401	2708	2431	2444	
Gary	0.88	3	58	30	GP	YES	2	NO	4	337	NO	3	4	7	14	14	34	63	106	58	80	24	119	223	628	189	1106	
Gary	0.88	3	60	31	PD	YES	4	NO	6	244	NO	2	5	5	12	11	32	57	140	51	7	10	19	36	55	45	95	
Gary	0.88	3	58	30	RH	NO	2	NO	10	649	YES	7	4	10	21	19	53	168	158	94	197	131	203	531	3683	2573	3895	
Gary	0.88	3	38	8	PD	YES	2	YES	5	193	NO	4	2	6	12	13	26	91	69	66	28	17	31	76	196	129	169	
Gary	0.88	3	53	31	PD	NO	4	NO	5	238	NO	3	5	6	14	7	27	51	144	62	13	37	32	82	76	164	220	
Gary	0.88	3	48	15	PD	NO	4	YES	4	214	NO	1	1	7	9	7	31	26	30	57	10	23	39	72	85	114	200	
Gary	0.88	3	49	15	PD	NO	5	NO	5	238	NO	3	2	4	9	8	20	67	51	42	20	16	41	77	113	59	261	
Gary	0.88	3	51	22	RH	YES	0	YES	6	707	YES	6	8	8	22	18	53	128	244	73	102	221	154	477	1990	4141	2800	
Gary	0.88	3	37	0	PD	NO	2	NO	2	157	YES	2	1	7	10	6	15	25	30	71	16	3	30	49	71	13	147	
Gary	0.88	3	52	29	RH	YES	5	YES	7	650	NO	6	8	7	21	20	61	100	251	65	168	215	139	522	3172	4002	2573	
Gary	0.88	3	49	14	GP	NO	5	NO	4	302	NO	3	3	7	13	11	23	63	105	72	40	96	80	216	360	848	699	
Gary	0.88	3	55	25	PD	NO	4	YES	5	264	YES	6	2	7	15	24	71	122	43	86	34	15	26	75	173	104	204	
Gary	0.88	3	38	4	RH	YES	1	NO	6	562	YES	8	7	8	23	21	58	133	213	61	178	119	120	417	3410	2169	2202	
Gary	0.88	3	53	18	GP	YES	2	NO	2	260	YES	4	2	5	11	8	33	81	55	51	73	66	63	202	651	549	523	
Gary	0.88	3	55	34	PD	YES	5	YES	7	350	NO	3	2	5	10	11	36	43	81	58	21	24	55	100	138	113	353	
Gary	0.88	3	42	11	GP	NO	5	YES	1	292	NO	2	5	6	13	11	46	41	136	68	29	108	87	224	262	975	772	
Gary	0.88	3	60	34	RH	YES	5	NO	5	587	NO	3	6	6	15	10	43	53	175	61	98	177	134	409	1762	3505	2347	
Vallejo	0.77	5	58	24	RH	NO	1	NO	9	572	YES	4	3	8	15	11	33	82	80	69	103	99	240	442	2008	1921	4450	
Vallejo	0.77	5	40	6	RH	NO	1	YES	4	513	NO	6	8	7	21	17	64	132	191	80	80	113	133	326	1444	2073	2608	
Vallejo	0.77	5	39	7	PD	NO	5	YES	3	144	NO	2	2	3	7	8	27	29	64	31	3	15	32	50	13	68	206	
Vallejo	0.77	5	64	35	PD	YES	5	YES	4	232	NO	3	2	3	8	5	19	55	64	30	35	17	25	77	202	92	155	
Vallejo	0.77	5	46	11	RH	NO	5	YES	4	519	NO	4	4	4	12	10	23	64	100	41	98	149	115	362	1911	2949	2004	
Vallejo	0.77	5	64	26	PD	YES	3	YES	3	148	NO	3	2	1	6	13	34	58	56	5	6	13	9	28	44	103	57	
Vallejo	0.77	5	42	17	GP	YES	5	YES	2	250	NO	5	1	4	10	19	44	124	21	26	72	5	47	124	624	49	440	
Vallejo	0.77	5	46	15	PD	NO	3	NO	1	111	NO	1	1	3	5	3	5	27	31	36	8	18	21	47	69	85	156	
Vallejo	0.77	5	59	25	PD	YES	4	YES	5	209	NO	1	2	5	8	4	12	14	74	41	10	45	54	109	49	273	290	
Vallejo	0.77	5	45	7	RH	NO	2	NO	6	614	YES	9	2	9	20	29	84	179	63	107	123	90	172	385	2306	1731	3088	
Vallejo	0.77	5	54	23	PD	NO	4	NO	2	128	YES	2	1	2	5	8	17	28	40	18	13	14	17	44	73	101	96	
Vallejo	0.77	5	44	22	GP	NO	3	NO	5	381	YES	8	4	7	19	25	72	142	115	69	80	52	80	212	816	481	694	
Vallejo	0.77	5	56	23	RH	NO	4	NO	1	358	NO	2	3	7	12	7	17	46	91	77	120	66	135	321	2246	1176	2448	
Vallejo	0.77	5	52	23	RH	NO	0	NO	3	416	YES	4	3	6	13	8	22	76	99	57	88	85	137	310	1691	1691	2612	
Vallejo	0.77	5	51	22	RH	NO	2	NO	5	531	YES	7	4	6	17	19	58	128	107	38	233	154	116	503	4127	2869	2139	
Vallejo	0.77	5	43	9	RH	NO	4	NO	6	529	NO	6	6	7	19	15	41	106	192	70	144	208	74	426	2596	3760	1285	
Vallejo	0.77	5	37	4	PD	NO	4	YES	6	249	NO	1	2	2	5	4	16	27	51	13	11	22	34	67	59	141	269	
Vallejo	0.77	5	39	15	PD	YES	5	YES	4	222	NO	3	2	4	9	6	10	61	45	38	16	16	42	74	97	63	244	
Vallejo	0.77	5	65	32	PD	NO	0	NO	2	175	YES	1	1	4	6	6	12	6	31	40	2	20	24	46	17	145	150	
Vallejo	0.77	5	64	35	RH	YES	3	NO	2	478	YES	5	6	11	22	17	60	68	207	95	157	110	145	412	2897	2099	2430	
Lansing	0.8100000000000001	2	44	11	PD	YES	4	NO	5	261	NO	2	4	5	11	8	24	48	118	40	17	24	75	116	118	154	409	
Lansing	0.8100000000000001	2	34	3	GP	YES	3	NO	3	225	YES	3	5	4	12	14	38	48	131	37	35	34	27	96	323	276	239	
Lansing	0.8100000000000001	2	39	18	PD	YES	2	YES	1	107	NO	1	1	1	3	6	17	23	22	9	16	1	6	23	126	7	33	
Lansing	0.8100000000000001	2	40	18	PD	NO	5	NO	3	158	NO	2	3	2	7	7	21	44	88	22	8	18	26	52	46	96	157	
Lansing	0.8100000000000001	2	31	5	GP	YES	5	YES	8	397	NO	5	3	6	14	15	44	121	94	56	127	26	66	219	1119	193	612	
Lansing	0.8100000000000001	2	39	14	PD	NO	3	NO	9	285	YES	3	5	7	15	11	36	63	127	57	19	24	51	94	76	116	275	
Lansing	0.8100000000000001	2	59	29	GP	NO	5	YES	4	313	NO	2	5	7	14	6	22	38	154	72	47	95	76	218	445	819	670	
Lansing	0.8100000000000001	2	42	17	GP	NO	3	YES	5	310	NO	3	3	6	12	11	42	60	82	74	38	45	110	193	361	366	964	
Lansing	0.8100000000000001	2	35	9	RH	NO	4	NO	3	536	NO	5	6	11	22	9	29	102	179	104	85	139	123	347	1509	2704	2588	
Lansing	0.8100000000000001	2	54	32	GP	NO	3	YES	4	313	YES	1	3	3	7	8	18	21	77	36	58	55	20	133	552	521	176	
Lansing	0.8100000000000001	2	32	3	RH	NO	4	NO	2	401	NO	7	1	1	9	21	63	138	19	4	201	61	6	268	3867	1186	86	
Lansing	0.8100000000000001	2	60	31	RH	NO	1	NO	2	612	YES	6	7	8	21	17	51	99	200	80	99	163	161	423	1799	3125	2954	
Lansing	0.8100000000000001	2	49	31	PD	YES	3	NO	3	192	YES	3	2	5	10	12	29	48	61	51	24	31	24	79	140	171	162	
Lansing	0.8100000000000001	2	46	13	PD	NO	3	YES	5	293	YES	3	3	6	12	13	44	36	84	59	34	16	46	96	212	104	263	
Lansing	0.8100000000000001	2	58	31	PD	NO	5	NO	3	187	YES	2	1	3	6	3	7	44	26	36	31	17	21	69	164	111	111	
Lansing	0.8100000000000001	2	48	12	GP	YES	2	NO	5	404	YES	5	4	6	15	15	47	100	125	75	69	121	91	281	674	1163	876	
Lansing	0.8100000000000001	2	41	20	PD	NO	1	NO	3	186	YES	1	4	1	6	3	8	15	112	9	2	29	13	44	10	155	95	
Lansing	0.8100000000000001	2	47	18	GP	YES	4	YES	6	365	YES	5	2	7	14	13	38	115	47	73	80	85	69	234	740	772	628	
Lansing	0.8100000000000001	2	36	14	PD	NO	1	NO	7	292	YES	4	2	4	10	11	40	74	50	58	23	27	42	92	180	233	198	
Worcester	0.79	1	45	13	PD	YES	5	NO	3	193	YES	3	1	8	12	10	24	55	19	96	36	2	56	94	188	17	332	
Worcester	0.79	1	39	9	RH	NO	3	YES	4	638	NO	4	8	9	21	11	31	79	230	65	65	200	210	475	1306	3727	3854	
Worcester	0.79	1	47	20	PD	YES	5	YES	10	352	NO	2	2	3	7	8	31	24	73	48	45	25	39	109	236	162	200	
Worcester	0.79	1	55	25	RH	YES	2	YES	3	407	YES	6	6	9	21	30	94	121	187	91	53	108	129	290	1017	1989	2610	
Worcester	0.79	1	40	14	PD	YES	5	YES	2	98	NO	3	3	5	11	11	42	55	100	64	12	12	14	38	70	92	103	
Worcester	0.79	1	56	25	PD	NO	2	NO	2	162	YES	2	2	3	7	6	23	43	58	34	15	17	20	52	68	112	86	
Worcester	0.79	1	49	16	GP	NO	4	NO	6	396	NO	6	3	8	17	13	34	111	87	81	66	85	53	204	615	738	454	
Worcester	0.79	1	56	40	GP	YES	4	YES	6	399	YES	2	4	8	14	3	5	32	109	71	62	78	82	222	582	696	724	
Worcester	0.79	1	63	39	GP	NO	1	NO	1	172	YES	3	2	1	6	13	22	73	62	17	56	45	18	119	546	407	148	
Worcester	0.79	1	57	35	PD	YES	5	YES	1	159	NO	1	1	1	3	4	9	16	30	11	9	41	26	76	53	241	204	
Worcester	0.79	1	50	18	RH	YES	4	YES	2	366	NO	4	5	7	16	12	28	86	146	56	64	64	127	255	1194	1242	2272	
Worcester	0.79	1	31	10	GP	YES	1	NO	1	260	YES	4	4	4	12	12	23	91	127	36	72	70	42	184	653	621	375	
Worcester	0.79	1	37	4	RH	NO	1	YES	2	429	YES	4	4	7	15	15	53	72	130	68	35	59	106	200	759	1193	2121	
Worcester	0.79	1	31	2	RH	NO	4	YES	4	380	YES	2	4	11	17	7	13	38	138	118	52	119	145	316	1021	2385	2634	
Worcester	0.79	1	64	43	PD	YES	2	YES	2	176	NO	2	2	5	9	6	9	32	55	48	19	17	29	65	121	89	156	
Worcester	0.79	1	63	31	GP	YES	3	NO	6	445	NO	7	4	8	19	31	112	136	128	93	85	100	90	275	804	902	817	
Worcester	0.79	1	45	23	GP	YES	3	YES	3	284	YES	2	3	13	18	8	25	40	80	122	23	18	94	135	173	151	871	
Worcester	0.79	1	41	11	RH	NO	5	YES	4	511	YES	4	5	14	23	13	30	71	126	107	116	115	195	426	2079	2199	3710	
Worcester	0.79	1	40	15	RH	YES	5	YES	8	644	NO	4	6	12	22	13	40	65	177	109	33	175	206	414	603	3197	4154	
Worcester	0.79	1	44	22	GP	NO	2	NO	4	419	YES	4	5	6	15	10	42	73	183	59	25	109	93	227	226	951	816	
Monmouth	0.75	3	40	8	PD	YES	4	YES	3	180	NO	4	1	4	9	12	35	98	28	45	34	7	26	67	176	40	146	
Monmouth	0.75	3	41	23	RH	NO	5	YES	4	530	NO	8	3	9	20	22	57	169	97	87	120	131	164	415	2501	2525	3271	
Monmouth	0.75	3	38	3	PD	NO	0	NO	3	187	NO	1	1	4	6	4	9	16	43	52	10	9	48	67	63	68	310	
Monmouth	0.75	3	39	18	PD	NO	2	NO	4	270	YES	2	1	6	9	6	21	46	38	57	39	14	24	77	224	83	122	
Monmouth	0.75	3	41	8	GP	NO	5	YES	12	511	YES	5	5	14	24	14	47	97	156	144	97	88	85	270	847	775	824	
Monmouth	0.75	3	48	18	RH	NO	5	NO	3	437	NO	1	2	6	9	4	14	17	57	62	28	111	46	185	577	2107	901	
Monmouth	0.75	3	55	35	PD	NO	4	YES	7	354	NO	5	5	4	14	11	25	101	143	54	41	40	61	142	254	229	348	
Monmouth	0.75	3	43	25	RH	YES	5	YES	7	651	YES	6	6	7	19	12	39	131	166	73	178	187	140	505	3441	3573	2583	
Monmouth	0.75	3	46	25	GP	NO	1	NO	4	368	YES	3	2	7	12	13	28	79	56	60	31	42	99	172	321	366	858	
Monmouth	0.75	3	34	3	PD	NO	2	NO	6	300	YES	2	3	6	11	7	26	47	83	53	37	20	42	99	213	116	214	
Monmouth	0.75	3	48	20	GP	NO	4	NO	5	346	NO	2	3	3	8	10	35	33	106	43	62	105	135	302	530	960	1148	
Monmouth	0.75	3	62	23	RH	NO	1	NO	7	743	YES	3	9	15	27	11	35	76	260	152	33	251	189	473	598	4452	3584	
Monmouth	0.75	3	45	22	RH	NO	5	YES	2	425	YES	5	3	9	17	18	57	89	105	92	78	76	123	277	1476	1494	2402	
Monmouth	0.75	3	51	30	RH	YES	5	YES	8	687	NO	3	7	16	26	7	26	62	230	148	103	100	199	402	1964	1868	3968	
Monmouth	0.75	3	40	10	GP	YES	5	YES	7	501	YES	7	3	10	20	20	67	132	80	85	65	68	123	256	593	585	1076	
Monmouth	0.75	3	39	12	RH	YES	1	NO	3	473	YES	6	6	9	21	22	64	116	149	101	171	136	132	439	3266	2757	2519	
Monmouth	0.75	3	34	0	PD	NO	1	NO	1	89	YES	2	1	2	5	3	11	40	21	20	17	4	19	40	81	12	121	
Monmouth	0.75	3	35	2	GP	NO	0	NO	7	427	YES	5	3	9	17	17	57	90	78	87	68	73	85	226	591	637	787	
Austin	0.93	1.5	37	7	GP	NO	1	NO	2	219	YES	3	1	7	11	8	23	66	36	77	81	16	51	148	675	139	477	
Austin	0.93	1.5	40	0	PD	NO	2	NO	7	289	YES	3	4	7	14	8	22	60	130	61	21	48	39	108	79	220	277	
Austin	0.93	1.5	51	31	PD	NO	0	NO	3	183	YES	4	2	2	8	14	44	60	47	19	23	35	20	78	133	236	94	
Austin	0.93	1.5	45	19	PD	YES	5	YES	1	75	NO	2	1	2	5	5	11	28	29	32	9	14	11	34	57	86	48	
Austin	0.93	1.5	59	33	RH	NO	3	NO	4	554	YES	4	8	10	22	15	56	88	253	103	59	79	150	288	1151	1536	2923	
Austin	0.93	1.5	32	3	RH	YES	5	YES	4	434	NO	2	5	9	16	10	38	39	153	93	75	91	124	290	1278	1755	2425	
Austin	0.93	1.5	50	20	PD	NO	1	YES	3	223	YES	2	1	9	12	6	14	43	26	84	22	10	29	61	134	93	175	
Austin	0.93	1.5	50	24	PD	YES	2	NO	12	401	YES	1	4	7	12	4	6	11	135	69	1	32	71	104	3	202	429	
Austin	0.93	1.5	31	6	RH	NO	5	YES	3	560	YES	7	6	10	23	19	57	133	170	98	79	164	216	459	1605	3062	4044	
Austin	0.93	1.5	48	22	GP	NO	3	NO	3	212	YES	1	5	3	9	8	33	22	140	40	49	31	61	141	447	317	524	
Austin	0.93	1.5	44	12	GP	NO	4	NO	6	433	YES	2	6	8	16	11	26	40	171	86	61	168	108	337	527	1566	989	
Austin	0.93	1.5	46	13	GP	NO	5	YES	3	233	NO	5	4	4	13	13	38	93	116	50	63	36	48	147	562	358	410	
Austin	0.93	1.5	60	25	GP	YES	4	YES	4	294	NO	2	2	4	8	2	6	36	65	37	56	97	30	183	537	898	246	
Austin	0.93	1.5	45	13	PD	NO	4	NO	6	268	YES	4	3	6	13	21	56	88	96	70	24	27	35	86	147	149	206	
Austin	0.93	1.5	57	33	PD	NO	5	NO	6	234	NO	2	4	9	15	4	15	36	132	69	18	17	55	90	111	96	360	
Austin	0.93	1.5	31	3	GP	NO	1	YES	3	328	YES	2	5	3	10	8	27	39	173	28	53	79	41	173	485	728	378	
Austin	0.93	1.5	38	15	GP	NO	3	NO	4	312	YES	2	4	6	12	7	22	42	148	65	35	29	77	141	286	264	625	
Austin	0.93	1.5	36	2	RH	NO	4	NO	1	401	NO	3	4	2	9	6	18	50	105	14	47	67	58	172	904	1279	998	
Anderson	0.86	2	55	28	RH	YES	3	NO	6	603	NO	6	9	13	28	18	60	126	256	121	108	119	138	365	2000	2378	2533	
Anderson	0.86	2	38	4	GP	NO	3	YES	1	278	NO	2	2	3	7	9	32	41	43	38	39	39	54	132	290	330	514	
Anderson	0.86	2	63	39	PD	NO	5	YES	6	252	NO	7	2	8	17	17	53	140	44	96	38	20	54	112	193	103	343	
Anderson	0.86	2	60	42	RH	YES	5	NO	4	454	NO	2	2	4	8	8	27	34	56	25	113	34	127	274	2182	586	2445	
Anderson	0.86	2	30	4	RH	NO	5	NO	2	522	NO	4	2	7	13	11	36	93	62	68	154	111	86	351	2810	1948	1698	
Anderson	0.86	2	48	19	PD	YES	2	YES	6	292	YES	2	3	6	11	10	35	45	93	58	20	49	43	112	113	276	223	
Anderson	0.86	2	61	30	GP	YES	2	NO	7	357	YES	2	3	6	11	5	12	35	94	59	36	62	91	189	311	550	788	
Anderson	0.86	2	64	46	GP	YES	2	NO	4	353	YES	4	3	7	14	19	65	87	97	84	77	71	110	258	701	661	1010	
Anderson	0.86	2	61	39	PD	NO	5	NO	6	297	NO	3	7	8	18	8	33	40	214	81	39	38	47	124	197	237	244	
Anderson	0.86	2	60	27	RH	YES	5	YES	4	536	NO	8	8	12	28	27	82	181	240	112	131	151	131	413	2610	2905	2491	
Anderson	0.86	2	48	28	GP	NO	0	NO	5	296	YES	5	3	7	15	17	57	106	89	67	67	24	55	146	613	194	494	
Anderson	0.86	2	63	47	GP	YES	1	NO	1	254	YES	5	6	6	17	13	28	117	189	52	34	60	47	141	277	561	385	
Anderson	0.86	2	39	8	PD	YES	4	NO	3	178	NO	3	3	5	11	9	28	53	95	45	22	4	36	62	145	34	261	
Anderson	0.86	2	64	31	RH	NO	0	NO	5	636	YES	4	5	11	20	12	25	83	149	95	74	167	164	405	1331	3202	3047	
Anderson	0.86	2	53	20	RH	YES	3	YES	4	466	NO	12	6	8	26	35	110	223	194	78	128	75	112	315	2477	1361	2076	
Anderson	0.86	2	42	15	RH	NO	0	YES	4	414	YES	4	4	10	18	16	47	71	145	98	50	111	147	308	1012	2129	2730	
Anderson	0.86	2	54	31	GP	YES	4	YES	4	391	NO	2	3	6	11	10	28	51	96	60	28	60	116	204	254	538	1088	
Anderson	0.86	2	58	26	PD	NO	2	YES	6	232	NO	1	2	5	8	5	18	22	52	53	5	37	44	86	15	186	299	
Anderson	0.86	2	37	4	GP	NO	2	NO	4	264	NO	3	6	8	17	10	24	64	219	87	23	62	52	137	168	536	439	
Elyria	0.84	5	45	13	GP	YES	5	YES	5	335	YES	1	4	5	10	3	4	18	132	66	32	83	107	222	298	801	970	
Elyria	0.84	5	46	9	PD	NO	2	NO	5	238	YES	2	2	3	7	4	7	42	64	26	17	23	21	61	132	132	167	
Elyria	0.84	5	54	21	GP	YES	5	YES	1	219	NO	4	2	5	11	10	32	83	51	52	50	37	52	139	501	343	492	
Elyria	0.84	5	36	0	PD	NO	5	YES	2	113	NO	2	1	1	4	11	33	32	29	18	18	3	11	32	121	13	55	
Elyria	0.84	5	42	0	RH	NO	5	YES	6	748	NO	6	9	11	26	14	48	117	295	113	149	228	186	563	2987	4475	3552	
Elyria	0.84	5	42	21	RH	YES	5	NO	5	494	YES	4	4	10	18	11	45	66	104	86	65	114	219	398	1251	1979	4307	
Elyria	0.84	5	48	16	PD	NO	5	YES	4	259	NO	3	3	2	8	14	42	63	110	20	30	31	32	93	191	198	175	
Elyria	0.84	5	46	14	RH	NO	5	NO	4	565	NO	3	5	7	15	9	30	64	129	56	113	163	213	489	2210	3131	4261	
Elyria	0.84	5	63	31	RH	YES	5	YES	2	522	NO	9	3	6	18	18	47	190	58	61	166	93	91	350	3084	1887	1694	
Elyria	0.84	5	51	26	RH	YES	5	YES	3	386	NO	4	3	9	16	16	54	73	65	71	57	65	136	258	1006	1226	2466	
Elyria	0.84	5	44	14	PD	NO	4	YES	4	134	NO	1	2	2	5	7	36	20	55	22	15	23	15	53	101	154	83	
Elyria	0.84	5	55	20	GP	NO	3	NO	2	282	NO	3	3	3	9	9	25	73	91	63	25	36	58	119	240	354	488	
Elyria	0.84	5	47	14	PD	YES	5	YES	4	204	NO	3	1	6	10	16	56	43	37	69	19	33	23	75	102	161	160	
Elyria	0.84	5	39	19	PD	NO	2	NO	3	144	YES	5	2	4	11	16	61	99	63	46	8	16	16	40	39	137	96	
Elyria	0.84	5	36	15	RH	NO	3	YES	6	518	NO	3	5	5	13	11	40	53	173	53	88	197	110	395	1640	3852	2214	
Elyria	0.84	5	33	4	GP	NO	2	NO	3	246	YES	1	3	4	8	4	13	22	75	45	42	51	75	168	413	507	744	
Elyria	0.84	5	40	18	PD	NO	4	NO	1	141	NO	3	1	3	7	14	52	48	26	38	12	23	14	49	55	133	64	
Elyria	0.84	5	34	10	RH	NO	2	NO	1	399	YES	7	1	7	15	27	72	127	28	64	125	24	120	269	2272	514	2257	
Elyria	0.84	5	46	22	RH	NO	4	YES	2	574	NO	4	5	9	18	19	50	76	133	86	44	130	137	311	841	2378	2690	
Elyria	0.84	5	46	11	RH	NO	5	YES	5	556	NO	8	8	6	22	19	52	184	227	76	212	135	43	390	3823	2529	811	
