SMSA	Coverage	DTC	Age	Years	Specialty	Subscribe	Num Hospital	Conference	Practice Size	Visits	Program	Details Nosorr	Details Paenex	Details Other	Total Details	Mention Nosor	Minutes Nosorr	Samples Nosorr	Samples Paenex	Samples Other	Rx Nosorr	Rx Paenex	Rx Other	TotalRx	TherDays Nosorr	TherDays Paenex	TherDays Other	
Phoenix	0.98	2	63	42	PD	NO	1	NO	5	259	YES	2	1	2	5	6	19	44	23	19	15	29	11	55	83	136	45	
Phoenix	0.98	2	46	16	PD	YES	5	YES	7	352	NO	4	5	7	16	15	43	89	125	78	46	39	31	116	262	246	151	
Phoenix	0.98	2	36	8	GP	NO	5	YES	6	428	NO	1	5	4	10	1	0	23	139	43	39	79	110	228	382	638	964	
Phoenix	0.98	2	61	32	RH	YES	5	YES	4	446	NO	2	5	2	9	8	23	46	122	17	75	163	113	351	1411	3237	2254	
Phoenix	0.98	2	31	1	GP	NO	1	YES	6	392	YES	2	4	5	11	9	23	45	123	45	66	114	102	282	619	1031	988	
Phoenix	0.98	2	60	30	GP	NO	2	YES	4	243	NO	3	5	2	10	9	32	54	188	17	55	25	32	112	524	236	247	
Phoenix	0.98	2	37	9	PD	NO	3	NO	3	214	YES	2	1	2	5	6	19	45	22	19	29	12	21	62	143	44	97	
Phoenix	0.98	2	42	18	PD	NO	1	NO	7	254	YES	2	1	4	7	11	37	36	35	47	23	35	42	100	151	251	233	
Phoenix	0.98	2	59	28	RH	YES	5	YES	6	529	NO	6	5	11	22	23	69	96	152	122	173	76	154	403	3531	1432	2961	
Phoenix	0.98	2	32	9	RH	NO	4	YES	3	497	YES	5	5	6	16	19	64	120	151	57	160	105	96	361	3054	1961	1768	
Phoenix	0.98	2	53	23	PD	YES	5	YES	4	224	NO	1	3	4	8	2	8	35	77	56	14	39	12	65	80	229	99	
Phoenix	0.98	2	40	12	GP	NO	5	NO	5	325	YES	3	1	5	9	4	14	69	18	57	55	29	95	179	508	268	743	
Phoenix	0.98	2	41	12	GP	YES	5	YES	5	210	NO	6	2	2	10	29	94	125	45	33	46	28	29	103	448	235	236	
Phoenix	0.98	2	34	2	GP	NO	1	NO	13	621	YES	7	3	7	17	31	85	134	103	77	162	122	207	491	1389	1126	1824	
Phoenix	0.98	2	32	1	RH	NO	2	YES	6	515	NO	3	5	5	13	15	40	73	145	56	73	184	122	379	1335	3512	2232	
Phoenix	0.98	2	63	33	RH	NO	0	NO	2	394	YES	4	3	8	15	11	37	70	93	58	20	123	132	275	350	2467	2553	
Phoenix	0.98	2	52	29	GP	NO	5	NO	2	215	YES	2	1	6	9	9	37	48	40	48	40	22	71	133	335	177	612	
Phoenix	0.98	2	57	25	RH	NO	3	NO	6	534	YES	3	4	7	14	5	12	65	128	81	135	200	83	418	2512	3792	1571	
Phoenix	0.98	2	65	40	RH	YES	1	NO	6	571	NO	6	5	4	15	19	58	133	169	46	207	171	62	440	3902	3159	1099	
Passaic	0.9399999999999999	1	49	16	GP	NO	5	YES	1	225	NO	3	4	2	9	9	33	74	119	17	44	55	46	145	359	432	449	
Passaic	0.9399999999999999	1	42	14	RH	YES	4	NO	3	605	NO	3	6	6	15	11	38	53	167	55	85	223	226	534	1537	4373	4151	
Passaic	0.9399999999999999	1	63	35	GP	YES	5	YES	2	323	YES	8	4	6	18	22	54	160	131	65	123	33	79	235	1100	320	717	
Passaic	0.9399999999999999	1	33	3	GP	YES	5	YES	8	385	NO	3	2	4	9	13	45	57	66	34	114	36	51	201	976	344	517	
Passaic	0.9399999999999999	1	34	16	GP	YES	3	NO	2	342	YES	4	3	5	12	14	36	49	97	55	94	104	70	268	739	866	603	
Passaic	0.9399999999999999	1	53	22	GP	YES	5	NO	7	388	YES	4	6	4	14	9	25	53	203	53	69	105	66	240	558	979	605	
Passaic	0.9399999999999999	1	62	30	GP	NO	5	YES	2	263	YES	3	4	5	12	10	38	78	116	37	82	46	63	191	733	424	571	
Passaic	0.9399999999999999	1	58	25	GP	NO	5	YES	1	240	NO	1	3	3	7	4	16	18	94	26	37	52	44	133	302	456	427	
Passaic	0.9399999999999999	1	40	6	RH	YES	2	NO	3	565	YES	3	8	7	18	9	28	62	227	70	75	232	210	517	1370	4256	4055	
Passaic	0.9399999999999999	1	58	18	RH	NO	5	NO	4	562	NO	5	9	6	20	16	51	99	286	47	147	209	123	479	2778	4108	2179	
Passaic	0.9399999999999999	1	36	5	GP	NO	4	NO	14	611	YES	6	2	11	19	16	38	111	56	106	145	82	191	418	1309	738	1648	
Passaic	0.9399999999999999	1	59	28	PD	YES	3	NO	6	271	YES	3	4	5	12	9	25	64	120	55	30	32	32	94	181	182	206	
Passaic	0.9399999999999999	1	54	31	RH	NO	3	NO	2	450	YES	5	3	9	17	15	56	107	85	78	68	105	98	271	1231	1979	1682	
Passaic	0.9399999999999999	1	54	25	RH	NO	5	YES	3	459	YES	4	4	3	11	16	33	88	124	22	99	236	125	460	2037	4474	2165	
Passaic	0.9399999999999999	1	43	17	GP	YES	5	YES	1	196	YES	1	2	4	7	3	8	20	56	52	17	11	59	87	196	83	549	
Passaic	0.9399999999999999	1	62	24	PD	NO	2	NO	1	161	YES	1	2	2	5	2	8	17	59	15	19	23	23	65	102	151	136	
Passaic	0.9399999999999999	1	53	21	PD	NO	4	YES	4	167	NO	3	1	3	7	8	27	58	37	20	17	5	21	43	114	26	123	
Passaic	0.9399999999999999	1	33	17	GP	YES	5	YES	6	390	NO	2	1	4	7	6	22	43	23	40	130	31	80	241	1159	284	660	
Washington	0.89	1	32	15	GP	NO	2	NO	7	482	NO	4	3	5	12	15	44	73	88	46	132	135	106	373	1190	1146	984	
Washington	0.89	1	40	20	GP	NO	1	NO	4	332	NO	1	3	6	10	6	17	16	82	76	32	62	163	257	301	517	1516	
Washington	0.89	1	54	28	PD	NO	3	YES	7	215	NO	3	1	3	7	10	30	72	48	31	31	29	36	96	187	136	194	
Washington	0.89	1	51	23	GP	YES	4	YES	6	406	YES	3	6	5	14	8	30	64	157	54	119	56	71	246	1026	496	661	
Washington	0.89	1	46	33	GP	NO	5	NO	2	273	YES	2	7	3	12	12	32	45	215	26	18	65	31	114	137	556	261	
Washington	0.89	1	43	11	GP	NO	3	NO	4	289	YES	1	3	9	13	1	2	18	94	110	47	24	77	148	394	171	678	
Washington	0.89	1	62	22	RH	NO	5	YES	11	722	NO	6	5	11	22	15	36	115	156	115	135	190	236	561	2666	3960	4778	
Washington	0.89	1	56	28	RH	YES	1	NO	4	520	YES	6	1	7	14	19	58	116	32	85	169	109	177	455	3206	2262	3477	
Washington	0.89	1	32	2	RH	NO	4	NO	4	675	YES	4	8	10	22	10	35	88	237	116	105	214	268	587	2131	4178	5081	
Washington	0.89	1	36	11	GP	YES	5	YES	4	393	NO	6	4	6	16	18	42	109	118	65	99	88	72	259	902	783	684	
Washington	0.89	1	63	38	PD	NO	2	NO	4	268	YES	1	5	6	12	2	5	25	142	50	2	44	53	99	6	259	306	
Washington	0.89	1	40	11	PD	NO	5	YES	2	134	YES	2	1	3	6	6	23	54	27	31	16	10	30	56	79	42	124	
Washington	0.89	1	38	12	GP	NO	2	NO	1	266	YES	4	2	7	13	13	45	84	64	75	53	54	87	194	495	434	841	
Washington	0.89	1	45	18	RH	YES	4	YES	2	426	YES	2	6	3	11	4	13	38	179	31	39	133	61	233	778	2585	1147	
Washington	0.89	1	45	5	RH	NO	4	NO	10	768	YES	5	5	10	20	15	35	94	163	106	162	292	225	679	3019	5551	4365	
Washington	0.89	1	44	21	GP	NO	2	NO	3	296	NO	3	2	6	11	8	26	67	60	69	55	59	77	191	458	532	738	
Washington	0.89	1	46	19	PD	NO	2	NO	9	354	YES	6	3	2	11	22	81	135	75	20	46	33	22	101	281	222	134	
Washington	0.89	1	52	24	RH	YES	5	YES	1	362	NO	2	3	6	11	4	18	36	95	57	79	44	87	210	1644	854	1548	
Washington	0.89	1	41	14	PD	NO	5	YES	4	262	NO	3	4	6	13	16	34	57	127	66	39	37	30	106	288	249	150	
Springfield	0.91	1	54	25	PD	YES	5	YES	6	253	NO	5	2	2	9	17	38	86	57	19	61	19	19	99	369	139	99	
Springfield	0.91	1	49	16	PD	YES	3	NO	4	177	YES	2	2	5	9	4	11	30	53	35	29	20	26	75	178	150	142	
Springfield	0.91	1	38	20	GP	YES	5	NO	4	322	YES	7	4	5	16	20	51	123	101	41	65	85	62	212	625	784	549	
Springfield	0.91	1	53	23	GP	YES	1	NO	5	348	YES	3	5	9	17	5	16	50	150	97	56	74	70	200	533	692	610	
Springfield	0.91	1	45	17	PD	NO	3	YES	2	146	NO	3	1	2	6	8	29	72	39	29	29	9	18	56	196	42	132	
Springfield	0.91	1	43	5	PD	YES	3	YES	5	236	NO	4	3	4	11	15	43	83	86	35	20	15	24	59	116	79	122	
Springfield	0.91	1	50	28	PD	NO	4	NO	2	166	YES	2	2	5	9	5	13	35	60	36	24	15	21	60	136	101	120	
Springfield	0.91	1	51	33	PD	NO	2	NO	1	106	YES	1	2	2	5	4	11	21	59	26	10	23	8	41	60	136	43	
Springfield	0.91	1	34	7	PD	NO	5	YES	7	293	NO	4	3	6	13	14	35	72	100	60	31	18	32	81	194	58	178	
Springfield	0.91	1	50	20	RH	YES	5	YES	1	297	NO	3	1	3	7	16	42	62	27	22	83	86	127	296	1514	1604	2329	
Springfield	0.91	1	64	33	RH	NO	5	YES	2	444	NO	2	4	2	8	10	33	43	110	20	132	229	220	581	2232	4334	3988	
Springfield	0.91	1	46	14	PD	NO	4	NO	6	279	YES	2	3	3	8	10	32	41	91	39	29	44	62	135	163	256	366	
Springfield	0.91	1	41	10	PD	YES	5	YES	4	202	NO	2	2	6	10	9	24	52	61	64	26	23	38	87	149	122	218	
Springfield	0.91	1	64	36	PD	NO	0	NO	3	159	YES	2	2	3	7	7	21	33	69	26	19	11	10	40	109	52	38	
Springfield	0.91	1	38	5	RH	NO	5	YES	3	572	NO	1	7	8	16	5	11	9	223	82	101	169	218	488	1941	3255	4061	
Springfield	0.91	1	41	18	GP	NO	0	NO	4	302	YES	3	2	2	7	16	42	50	63	19	46	81	44	171	437	698	434	
Springfield	0.91	1	50	18	PD	NO	0	NO	5	251	YES	1	5	7	13	3	8	25	168	65	4	44	30	78	38	267	173	
Springfield	0.91	1	38	8	GP	NO	4	YES	5	306	NO	1	5	4	10	3	11	29	138	32	38	52	85	175	349	419	790	
Sarasota	0.97	3	59	32	RH	NO	5	YES	3	641	NO	4	5	10	19	13	41	74	158	100	91	87	183	361	1823	1581	3581	
Sarasota	0.97	3	44	16	PD	YES	1	NO	4	180	NO	3	2	5	10	6	27	62	55	44	13	32	47	92	66	185	329	
Sarasota	0.97	3	51	23	PD	NO	5	YES	4	217	NO	3	1	6	10	13	48	68	26	64	40	10	40	90	303	67	232	
Sarasota	0.97	3	41	19	PD	NO	0	NO	5	266	YES	5	5	5	15	8	21	112	145	44	27	49	29	105	141	329	191	
Sarasota	0.97	3	45	16	RH	YES	5	YES	3	475	YES	3	4	5	12	11	36	49	127	46	158	48	157	363	3067	849	3201	
Sarasota	0.97	3	60	31	RH	NO	2	NO	3	469	NO	3	5	7	15	12	32	59	147	65	121	94	156	371	2241	1667	2890	
Sarasota	0.97	3	49	22	PD	NO	1	NO	1	104	YES	1	2	5	8	6	32	13	66	66	7	7	16	30	40	51	79	
Sarasota	0.97	3	46	16	GP	YES	2	YES	7	372	NO	3	5	8	16	8	24	67	150	84	85	66	88	239	772	564	807	
Sarasota	0.97	3	45	10	PD	NO	5	YES	3	134	YES	1	2	2	5	5	14	30	59	13	21	12	10	43	111	44	49	
Sarasota	0.97	3	40	9	PD	NO	4	YES	2	84	NO	2	3	1	6	8	18	48	88	9	16	9	3	28	71	31	20	
Sarasota	0.97	3	54	20	PD	NO	4	YES	3	117	YES	1	1	2	4	3	8	14	27	23	7	9	17	33	51	42	110	
Sarasota	0.97	3	61	26	PD	NO	1	NO	2	101	YES	1	2	2	5	4	9	13	62	18	15	16	19	50	98	126	132	
Sarasota	0.97	3	33	0	PD	NO	1	YES	6	280	NO	2	2	5	9	4	12	36	49	77	33	26	59	118	237	120	405	
Sarasota	0.97	3	58	24	RH	YES	2	NO	4	495	YES	3	3	9	15	8	27	59	84	103	82	58	106	246	1484	1119	1958	
Sarasota	0.97	3	61	29	RH	NO	4	NO	5	623	NO	3	4	7	14	5	15	73	109	62	60	126	169	355	1046	2671	3209	
Sarasota	0.97	3	44	21	GP	NO	5	YES	2	217	NO	1	1	3	5	2	7	22	40	34	38	42	26	106	400	318	237	
Sarasota	0.97	3	60	32	RH	YES	5	NO	6	590	NO	6	3	9	18	14	47	151	80	114	115	114	290	519	2155	2222	5373	
Sarasota	0.97	3	59	32	GP	NO	2	NO	11	587	YES	5	6	7	18	15	37	89	165	58	109	122	196	427	976	1140	1757	
Sarasota	0.97	3	50	21	PD	NO	3	NO	8	336	YES	5	3	9	17	15	49	68	113	78	9	34	60	103	60	184	352	
Sarasota	0.97	3	55	30	GP	YES	2	NO	7	407	NO	1	2	4	7	3	12	19	71	48	147	73	91	311	1304	705	751	
St Louis	0.8	1	58	23	RH	NO	3	NO	1	460	NO	3	6	5	14	12	31	79	159	37	132	192	152	476	2630	3670	2887	
St Louis	0.8	1	52	14	RH	NO	3	NO	2	545	YES	8	3	17	28	20	64	135	72	164	118	77	199	394	2181	1395	3777	
St Louis	0.8	1	46	17	PD	YES	5	YES	3	215	NO	3	2	5	10	10	38	54	63	38	16	35	15	66	104	210	76	
St Louis	0.8	1	64	33	GP	YES	5	YES	14	537	YES	4	4	10	18	16	44	73	126	110	79	41	155	275	717	339	1506	
St Louis	0.8	1	42	8	RH	YES	5	YES	2	438	NO	5	4	5	14	18	61	114	111	46	183	100	90	373	3299	1905	1575	
St Louis	0.8	1	36	11	GP	NO	5	YES	7	321	NO	1	3	6	10	2	6	18	80	61	20	45	69	134	184	431	615	
St Louis	0.8	1	52	22	PD	NO	1	NO	4	194	YES	1	2	4	7	4	16	15	57	47	24	26	29	79	124	157	169	
St Louis	0.8	1	58	22	PD	NO	1	YES	3	241	YES	4	4	7	15	14	37	90	120	68	47	31	51	129	229	220	308	
St Louis	0.8	1	52	25	PD	YES	4	YES	3	147	YES	3	2	2	7	6	20	64	62	13	16	19	18	53	119	125	102	
St Louis	0.8	1	31	5	PD	YES	5	YES	1	125	NO	1	4	3	8	2	3	19	140	36	13	15	16	44	87	87	134	
St Louis	0.8	1	31	6	PD	NO	2	NO	2	135	YES	4	2	5	11	13	46	94	59	33	18	12	18	48	139	85	97	
St Louis	0.8	1	64	39	GP	NO	1	NO	5	357	YES	3	2	11	16	10	35	66	67	104	54	15	126	195	495	160	1106	
St Louis	0.8	1	48	21	RH	YES	5	YES	4	549	NO	4	7	8	19	14	36	86	198	79	72	93	122	287	1308	1692	2257	
St Louis	0.8	1	58	41	GP	NO	3	NO	9	451	NO	3	2	9	14	12	44	58	72	116	116	30	121	267	1085	280	1087	
St Louis	0.8	1	31	3	GP	NO	1	NO	8	404	NO	3	3	5	11	11	44	47	88	52	37	45	113	195	339	394	1046	
St Louis	0.8	1	63	40	RH	YES	3	NO	1	427	NO	6	3	8	17	24	72	137	76	103	139	88	105	332	2582	1712	1910	
St Louis	0.8	1	52	29	PD	YES	2	YES	4	166	NO	1	1	4	6	4	9	29	33	52	9	8	27	44	49	46	175	
St Louis	0.8	1	57	26	PD	YES	5	YES	5	210	NO	1	2	2	5	3	10	17	59	18	51	48	20	119	305	256	134	
Suffolk	0.91	1.5	34	5	GP	NO	5	YES	2	212	NO	5	1	5	11	13	29	98	36	49	44	23	77	144	358	160	666	
Suffolk	0.91	1.5	41	2	PD	YES	5	YES	9	377	NO	6	4	7	17	23	68	96	121	70	56	16	54	126	353	122	373	
Suffolk	0.91	1.5	55	28	PD	YES	3	YES	3	158	YES	3	2	6	11	13	41	60	60	56	16	35	34	85	82	229	188	
Suffolk	0.91	1.5	40	13	GP	YES	5	NO	9	373	NO	4	4	10	18	9	26	79	114	90	55	112	131	298	502	999	1138	
Suffolk	0.91	1.5	45	12	RH	NO	5	YES	7	632	NO	7	5	9	21	22	75	141	142	85	107	146	148	401	1936	2900	2662	
Suffolk	0.91	1.5	44	15	GP	YES	5	YES	1	194	NO	2	1	5	8	6	15	61	35	64	54	7	77	138	550	44	680	
Suffolk	0.91	1.5	30	0	PD	NO	4	YES	10	397	YES	7	2	9	18	24	51	142	57	91	83	11	54	148	495	81	327	
Suffolk	0.91	1.5	32	0	PD	YES	5	NO	9	315	YES	4	5	6	15	16	48	71	171	60	27	26	34	87	149	149	206	
Suffolk	0.91	1.5	34	3	GP	YES	5	NO	4	310	NO	3	2	7	12	10	29	57	66	75	26	100	68	194	269	922	610	
Suffolk	0.91	1.5	56	31	PD	NO	5	YES	10	365	NO	1	6	4	11	3	10	33	179	32	22	54	38	114	163	331	219	
Suffolk	0.91	1.5	46	18	GP	NO	3	NO	9	484	YES	3	5	4	12	12	31	60	137	31	89	127	115	331	806	1103	1042	
Suffolk	0.91	1.5	46	14	RH	YES	5	YES	3	405	NO	3	4	5	12	7	23	50	121	77	101	85	145	331	1836	1757	2744	
Suffolk	0.91	1.5	32	3	RH	NO	0	NO	4	480	YES	7	2	9	18	24	76	162	79	79	116	45	174	335	2176	722	3184	
Suffolk	0.91	1.5	48	15	GP	YES	3	NO	1	137	NO	3	1	1	5	6	24	68	20	9	17	23	25	65	152	198	209	
Suffolk	0.91	1.5	63	33	PD	NO	1	NO	9	326	YES	4	3	4	11	14	43	75	103	51	43	51	42	136	280	291	247	
Suffolk	0.91	1.5	37	5	GP	NO	0	YES	9	414	YES	5	2	4	11	18	55	109	58	36	96	26	21	143	844	258	169	
Suffolk	0.91	1.5	51	24	RH	YES	4	NO	5	606	NO	3	6	13	22	13	47	64	180	116	95	152	162	409	1727	2951	3031	
Suffolk	0.91	1.5	42	9	GP	NO	3	YES	1	242	YES	4	4	4	12	12	38	67	110	36	51	81	55	187	493	728	489	
Suffolk	0.91	1.5	35	14	PD	NO	5	NO	7	287	NO	3	9	5	17	8	30	71	329	66	28	46	13	87	171	264	54	
Bakersfield	0.83	3	63	33	GP	YES	5	YES	11	518	NO	2	6	5	13	9	30	31	181	51	53	127	70	250	518	1176	670	
Bakersfield	0.83	3	37	15	PD	NO	5	YES	5	205	NO	2	3	5	10	10	38	43	99	50	16	26	23	65	87	105	169	
Bakersfield	0.83	3	61	19	RH	NO	4	NO	10	808	NO	6	6	11	23	22	59	130	157	109	83	195	208	486	1693	3627	4063	
Bakersfield	0.83	3	41	21	GP	NO	3	NO	5	311	NO	4	3	3	10	14	34	81	93	25	72	55	65	192	628	508	546	
Bakersfield	0.83	3	52	20	RH	YES	5	YES	6	591	NO	2	6	9	17	13	40	39	176	95	60	185	186	431	1135	3721	3412	
Bakersfield	0.83	3	39	9	GP	NO	2	NO	5	389	YES	4	3	6	13	14	42	64	103	68	135	50	87	272	1259	468	801	
Bakersfield	0.83	3	36	8	GP	YES	5	YES	2	287	YES	2	3	3	8	7	18	46	94	37	48	58	29	135	410	446	277	
Bakersfield	0.83	3	32	8	RH	NO	4	YES	2	451	YES	5	4	11	20	18	59	100	103	108	88	153	127	368	1543	2785	2393	
Bakersfield	0.83	3	39	22	RH	YES	4	YES	5	571	YES	4	4	7	15	11	44	73	110	82	122	70	115	307	2244	1355	2217	
Bakersfield	0.83	3	50	17	PD	YES	4	YES	4	161	NO	3	1	2	6	11	36	43	20	23	47	8	30	85	309	46	226	
Bakersfield	0.83	3	49	5	PD	YES	5	YES	2	137	NO	1	1	3	5	3	11	18	29	30	24	19	9	52	110	117	49	
Bakersfield	0.83	3	35	5	PD	NO	1	NO	4	162	YES	3	2	3	8	8	22	44	60	30	12	24	24	60	73	150	148	
Bakersfield	0.83	3	58	26	PD	YES	5	YES	2	158	YES	2	2	2	6	10	34	29	62	10	35	17	17	69	184	110	67	
Bakersfield	0.83	3	58	28	PD	YES	5	NO	5	191	NO	5	2	4	11	15	51	86	69	37	23	13	30	66	162	98	195	
Bakersfield	0.83	3	50	26	PD	YES	3	YES	4	184	NO	2	2	4	8	6	26	37	42	38	18	23	17	58	120	133	74	
Bakersfield	0.83	3	58	22	PD	NO	5	YES	5	238	NO	2	3	5	10	7	20	39	82	49	16	25	44	85	89	121	290	
Bakersfield	0.83	3	64	39	RH	YES	1	NO	6	699	YES	6	10	13	29	21	71	114	320	124	219	261	149	629	4245	4906	2833	
Bakersfield	0.83	3	44	12	RH	NO	5	YES	2	599	YES	6	6	6	18	13	51	128	174	82	117	156	91	364	2167	3001	1660	
Bakersfield	0.83	3	60	29	GP	NO	3	NO	3	217	YES	1	2	8	11	3	7	17	57	93	7	42	64	113	73	395	570	
Wilkes Barre	0.98	1.5	46	6	PD	NO	3	NO	2	118	NO	1	3	1	5	6	18	17	87	12	13	17	18	48	55	107	121	
Wilkes Barre	0.98	1.5	56	27	GP	NO	2	NO	4	305	NO	1	3	5	9	6	28	18	82	52	17	105	87	209	139	962	731	
Wilkes Barre	0.98	1.5	36	6	RH	NO	5	YES	4	580	NO	5	5	8	18	17	55	112	148	66	124	123	108	355	2384	2343	2207	
Wilkes Barre	0.98	1.5	44	15	PD	NO	4	YES	6	237	NO	1	3	5	9	2	5	20	75	53	17	29	33	79	96	167	174	
Wilkes Barre	0.98	1.5	43	20	PD	NO	2	NO	2	192	YES	2	5	1	8	11	35	54	126	10	5	33	32	70	27	204	200	
Wilkes Barre	0.98	1.5	41	17	GP	NO	3	NO	2	290	YES	4	5	5	14	15	41	77	147	41	32	41	47	120	344	352	419	
Wilkes Barre	0.98	1.5	61	29	RH	YES	5	YES	2	429	YES	4	1	5	10	17	53	84	26	45	136	94	175	405	2652	1736	3560	
Wilkes Barre	0.98	1.5	48	28	PD	YES	4	NO	2	124	YES	2	1	4	7	7	20	49	40	45	11	25	24	60	89	134	141	
Wilkes Barre	0.98	1.5	43	13	PD	YES	5	NO	3	221	NO	1	1	3	5	7	23	24	31	29	23	21	40	84	148	105	240	
Wilkes Barre	0.98	1.5	65	43	GP	YES	5	YES	2	300	NO	3	2	7	12	10	33	50	71	75	59	42	75	176	504	404	663	
Wilkes Barre	0.98	1.5	57	35	GP	NO	3	NO	7	449	YES	6	3	5	14	16	50	89	86	39	97	31	80	208	858	324	720	
Wilkes Barre	0.98	1.5	31	3	GP	NO	2	NO	5	446	YES	6	4	6	16	23	76	105	106	71	69	66	108	243	652	591	997	
Wilkes Barre	0.98	1.5	38	14	PD	NO	4	YES	5	202	NO	1	1	5	7	3	11	19	29	54	21	8	14	43	159	50	98	
Wilkes Barre	0.98	1.5	54	21	RH	NO	1	NO	2	392	NO	3	5	4	12	8	21	83	150	38	79	134	118	331	1623	2778	2105	
Wilkes Barre	0.98	1.5	55	31	GP	YES	5	YES	5	399	NO	4	2	7	13	12	35	73	58	77	89	62	94	245	777	570	803	
Wilkes Barre	0.98	1.5	43	16	PD	NO	1	NO	4	198	YES	1	4	2	7	3	11	14	98	21	2	40	17	59	10	207	96	
Wilkes Barre	0.98	1.5	36	2	RH	NO	5	YES	9	792	YES	7	4	8	19	22	59	134	115	61	273	169	231	673	4922	3122	4416	
Wilkes Barre	0.98	1.5	41	9	PD	NO	5	YES	1	143	YES	1	1	2	4	3	14	12	44	25	43	23	24	90	222	145	151	
Wilkes Barre	0.98	1.5	30	4	GP	YES	4	NO	5	319	YES	2	4	4	10	5	14	37	124	47	45	85	33	163	414	752	269	
New Orleans	0.96	2	45	19	GP	NO	2	NO	3	376	YES	1	5	2	8	6	22	23	144	14	40	126	56	222	344	1183	479	
New Orleans	0.96	2	32	0	GP	NO	2	YES	3	228	YES	3	4	3	10	8	17	74	122	26	50	26	36	112	493	201	276	
New Orleans	0.96	2	54	25	RH	NO	2	YES	4	630	NO	8	5	10	23	21	61	150	177	91	179	126	116	421	3246	2469	2050	
New Orleans	0.96	2	34	5	RH	NO	3	NO	3	648	YES	7	5	9	21	22	63	144	156	85	299	108	214	621	5589	2007	4051	
New Orleans	0.96	2	57	30	RH	NO	1	NO	3	538	YES	4	3	10	17	12	34	96	99	101	121	108	145	374	2148	1892	2684	
New Orleans	0.96	2	64	26	PD	YES	5	YES	2	128	NO	1	1	5	7	3	9	12	26	43	5	14	20	39	41	105	112	
New Orleans	0.96	2	35	5	GP	NO	1	NO	2	322	YES	3	3	5	11	2	2	66	98	43	69	56	40	165	515	464	306	
New Orleans	0.96	2	51	30	PD	NO	5	YES	3	182	NO	1	3	2	6	2	4	27	84	12	28	27	13	68	148	160	72	
New Orleans	0.96	2	46	14	PD	NO	5	YES	5	229	NO	3	2	6	11	12	43	63	47	58	48	9	48	105	290	35	264	
New Orleans	0.96	2	53	29	PD	NO	2	NO	5	205	YES	3	2	6	11	11	38	47	70	50	13	9	34	56	77	57	200	
New Orleans	0.96	2	33	14	GP	YES	5	YES	3	269	NO	2	3	2	7	3	8	29	80	14	73	57	17	147	628	479	177	
New Orleans	0.96	2	35	5	RH	NO	5	YES	7	591	NO	8	5	6	19	25	63	152	171	80	78	132	55	265	1344	2528	1134	
New Orleans	0.96	2	55	24	GP	YES	2	NO	2	252	YES	2	2	8	12	7	27	53	62	103	29	42	87	158	220	366	816	
New Orleans	0.96	2	33	1	GP	NO	5	YES	6	428	NO	6	2	4	12	22	83	94	46	38	111	57	94	262	1004	500	834	
New Orleans	0.96	2	51	22	GP	YES	2	NO	2	286	NO	2	1	5	8	7	17	44	42	41	11	54	85	150	61	464	787	
New Orleans	0.96	2	30	0	GP	NO	4	NO	2	299	YES	2	2	2	6	3	6	33	47	29	21	95	114	230	180	895	996	
New Orleans	0.96	2	59	35	GP	YES	5	YES	4	356	NO	4	5	2	11	12	33	64	118	34	40	65	55	160	399	593	546	
New Orleans	0.96	2	41	13	PD	YES	1	NO	4	269	YES	3	4	5	12	9	23	59	109	40	25	43	47	115	182	271	368	
New Orleans	0.96	2	44	12	PD	NO	1	NO	4	147	NO	4	1	3	8	10	25	85	28	32	27	16	14	57	160	81	68	
New Orleans	0.96	2	54	23	RH	NO	0	NO	5	536	YES	3	4	3	10	11	24	63	110	24	127	127	165	419	2472	2447	2942	
St Paul	0.8100000000000001	1	39	5	GP	YES	5	YES	7	363	NO	2	4	6	12	3	11	39	110	61	59	71	126	256	550	664	1092	
St Paul	0.8100000000000001	1	57	23	RH	YES	4	YES	21	908	YES	9	7	9	25	22	77	185	235	78	134	237	198	569	2574	4527	3597	
St Paul	0.8100000000000001	1	51	30	RH	YES	2	NO	7	631	NO	9	4	5	18	24	61	196	121	52	158	129	110	397	2812	2539	2072	
St Paul	0.8100000000000001	1	52	27	PD	YES	5	NO	2	145	YES	3	3	1	7	15	44	47	69	12	18	9	3	30	99	68	13	
St Paul	0.8100000000000001	1	40	11	GP	NO	4	YES	2	277	YES	4	6	7	17	9	27	63	163	88	33	82	72	187	315	716	644	
St Paul	0.8100000000000001	1	37	8	GP	NO	4	NO	4	292	YES	1	4	2	7	4	16	22	131	22	37	51	52	140	322	433	486	
St Paul	0.8100000000000001	1	58	29	GP	NO	5	NO	2	224	NO	4	2	4	10	15	35	56	61	34	63	26	56	145	558	231	531	
St Paul	0.8100000000000001	1	46	11	PD	YES	2	NO	3	180	NO	2	2	5	9	4	14	42	63	54	18	9	17	44	117	35	151	
St Paul	0.8100000000000001	1	59	34	PD	YES	4	YES	2	128	NO	2	2	3	7	5	16	26	79	18	22	12	16	50	148	77	122	
St Paul	0.8100000000000001	1	61	30	GP	NO	1	NO	4	295	YES	4	2	5	11	10	29	70	79	49	37	26	78	141	351	239	705	
St Paul	0.8100000000000001	1	47	13	RH	YES	5	NO	9	559	YES	6	4	10	20	15	53	111	112	92	152	112	152	416	2827	2166	2870	
St Paul	0.8100000000000001	1	49	22	RH	NO	5	NO	5	541	NO	2	7	9	18	9	32	45	209	94	79	173	116	368	1600	3323	2167	
St Paul	0.8100000000000001	1	65	36	PD	YES	2	NO	5	175	YES	3	2	3	8	12	44	61	68	27	39	27	13	79	259	136	69	
St Paul	0.8100000000000001	1	43	13	PD	NO	5	YES	8	320	NO	3	3	6	12	8	22	60	92	65	43	35	42	120	277	189	250	
St Paul	0.8100000000000001	1	34	11	GP	NO	4	NO	3	201	YES	5	3	5	13	16	48	72	106	55	53	34	41	128	507	334	377	
St Paul	0.8100000000000001	1	50	21	RH	YES	4	YES	4	520	YES	7	3	10	20	22	73	140	74	89	57	109	185	351	1249	2064	3328	
St Paul	0.8100000000000001	1	36	11	RH	NO	5	YES	2	350	YES	1	4	5	10	4	8	16	145	64	49	93	84	226	943	1682	1346	
St Paul	0.8100000000000001	1	64	30	PD	NO	1	NO	2	113	YES	2	1	2	5	8	21	40	27	22	14	18	10	42	80	99	53	
St Paul	0.8100000000000001	1	58	28	GP	NO	5	YES	3	256	YES	3	2	8	13	11	28	58	60	73	32	13	66	111	288	132	585	
St Paul	0.8100000000000001	1	64	37	GP	NO	4	NO	4	326	NO	3	4	3	10	5	14	64	128	23	81	93	94	268	726	883	862	
San Antonio	0.83	5	54	24	PD	YES	4	NO	4	229	NO	3	3	5	11	11	34	61	85	40	28	33	25	86	188	208	161	
San Antonio	0.83	5	59	33	PD	NO	3	NO	9	337	YES	1	4	4	9	4	10	24	105	30	28	48	39	115	155	279	222	
San Antonio	0.83	5	38	9	PD	NO	1	NO	2	203	YES	2	3	4	9	9	24	46	84	43	7	17	39	63	47	81	247	
San Antonio	0.83	5	43	18	RH	YES	5	NO	5	474	NO	6	2	6	14	13	38	136	59	52	133	63	62	258	2464	1260	1074	
San Antonio	0.83	5	55	27	PD	NO	4	NO	6	246	YES	3	4	7	14	8	33	63	141	65	21	31	26	78	100	187	172	
San Antonio	0.83	5	51	18	GP	NO	4	NO	4	431	NO	4	3	6	13	15	43	97	112	82	59	112	78	249	509	1062	736	
San Antonio	0.83	5	63	31	GP	NO	2	NO	2	227	YES	1	4	4	9	2	3	25	125	33	9	49	49	107	65	449	440	
San Antonio	0.83	5	47	20	PD	NO	1	NO	1	140	YES	1	1	3	5	5	15	18	30	35	22	11	30	63	130	48	217	
San Antonio	0.83	5	40	19	GP	NO	4	NO	6	364	YES	2	5	5	12	8	26	24	175	53	37	37	78	152	324	348	679	
San Antonio	0.83	5	32	3	GP	YES	5	YES	3	295	NO	3	4	5	12	9	22	53	104	50	96	59	57	212	919	512	552	
San Antonio	0.83	5	46	22	RH	NO	4	NO	1	299	YES	1	4	3	8	2	5	19	134	35	32	121	58	211	671	2046	1089	
San Antonio	0.83	5	51	14	RH	NO	3	NO	2	429	YES	3	2	4	9	10	29	72	79	49	72	132	155	359	1337	2510	3128	
San Antonio	0.83	5	50	20	GP	YES	4	NO	4	247	YES	2	1	3	6	4	11	39	21	32	68	50	28	146	661	472	308	
San Antonio	0.83	5	64	39	GP	YES	5	YES	3	322	NO	3	2	11	16	14	31	61	72	97	41	47	91	179	332	429	821	
San Antonio	0.83	5	41	17	RH	NO	5	NO	4	499	NO	6	5	11	22	21	54	119	202	139	101	129	168	398	2049	2472	3135	
San Antonio	0.83	5	58	22	PD	NO	2	NO	2	127	YES	1	2	3	6	6	21	24	73	30	17	20	24	61	111	127	136	
San Antonio	0.83	5	48	2	RH	NO	5	YES	5	538	YES	5	4	6	15	16	52	99	128	63	98	151	142	391	2042	2960	2765	
San Antonio	0.83	5	32	14	GP	NO	4	YES	5	313	YES	2	3	4	9	9	24	53	77	46	35	61	83	179	323	518	775	
San Antonio	0.83	5	46	16	PD	NO	0	NO	6	256	YES	5	3	3	11	17	38	90	99	35	34	26	18	78	202	171	77	
Colorado Springs	0.79	1	57	28	GP	YES	4	YES	3	338	NO	4	1	4	9	13	54	73	24	33	64	74	76	214	581	650	660	
Colorado Springs	0.79	1	45	22	RH	NO	2	NO	4	646	NO	4	6	10	20	17	42	77	181	110	87	80	294	461	1680	1573	5622	
Colorado Springs	0.79	1	48	23	GP	NO	5	YES	3	314	YES	3	2	5	10	9	25	58	54	41	55	76	36	167	456	647	329	
Colorado Springs	0.79	1	42	12	GP	YES	5	NO	2	198	NO	3	3	4	10	11	32	65	78	34	37	54	42	133	317	468	386	
Colorado Springs	0.79	1	32	11	RH	NO	1	NO	2	559	YES	3	4	2	9	5	8	69	108	18	118	117	104	339	2296	2229	1942	
Colorado Springs	0.79	1	37	10	PD	YES	4	NO	6	303	YES	4	4	5	13	13	30	75	129	57	34	42	42	118	185	257	239	
Colorado Springs	0.79	1	53	31	RH	NO	2	YES	3	436	YES	4	6	6	16	10	38	71	166	67	77	243	97	417	1370	4604	1817	
Colorado Springs	0.79	1	64	37	RH	NO	2	NO	3	532	YES	8	4	7	19	19	76	132	111	71	173	104	123	400	3432	2007	2289	
Colorado Springs	0.79	1	60	29	PD	NO	5	YES	5	168	NO	2	3	4	9	5	19	47	111	45	14	42	25	81	69	266	154	
Colorado Springs	0.79	1	44	9	RH	YES	5	YES	2	388	YES	3	4	6	13	11	28	62	122	50	114	129	70	313	2027	2226	1486	
Colorado Springs	0.79	1	34	0	RH	NO	5	YES	8	622	YES	11	6	8	25	39	128	261	186	80	212	116	190	518	3974	1866	3630	
Colorado Springs	0.79	1	58	28	GP	YES	3	YES	4	250	NO	2	2	4	8	3	5	33	54	38	39	23	67	129	335	200	580	
Colorado Springs	0.79	1	52	34	PD	YES	3	NO	6	298	YES	3	5	4	12	11	34	50	160	50	48	66	52	166	271	375	338	
Colorado Springs	0.79	1	56	22	GP	YES	5	YES	4	375	NO	4	2	3	9	17	47	69	67	24	50	43	161	254	456	391	1507	
Colorado Springs	0.79	1	30	1	GP	YES	5	YES	3	304	NO	2	4	6	12	6	21	44	121	56	29	77	50	156	256	662	447	
Colorado Springs	0.79	1	32	9	PD	NO	1	NO	4	218	YES	2	4	5	11	7	20	33	124	54	37	40	32	109	186	222	197	
Colorado Springs	0.79	1	41	10	PD	YES	5	YES	2	176	NO	1	3	2	6	2	10	12	98	27	31	27	27	85	168	130	146	
Colorado Springs	0.79	1	62	25	RH	NO	3	NO	6	528	YES	4	6	8	18	17	43	78	182	70	111	98	121	330	2161	1858	2214	
Colorado Springs	0.79	1	34	13	PD	NO	1	NO	4	224	YES	4	1	3	8	13	38	80	33	16	32	29	33	94	178	137	229	
Colorado Springs	0.79	1	46	12	GP	NO	1	NO	15	584	NO	1	3	13	17	1	3	22	102	128	25	46	151	222	208	465	1258	
Ogden	0.95	1	53	23	RH	NO	1	NO	2	448	YES	2	5	4	11	7	16	49	161	36	82	92	142	316	1475	1724	2562	
Ogden	0.95	1	44	11	PD	NO	3	NO	3	222	YES	2	2	1	5	9	25	57	55	8	13	38	17	68	51	193	89	
Ogden	0.95	1	63	33	GP	NO	5	NO	3	226	NO	3	3	7	13	12	39	53	80	89	33	43	90	166	263	358	840	
Ogden	0.95	1	58	27	RH	NO	3	NO	5	513	YES	6	6	7	19	17	57	137	178	76	100	174	82	356	1897	3222	1681	
Ogden	0.95	1	48	28	GP	NO	1	NO	1	256	YES	1	4	5	10	7	25	23	121	51	32	61	42	135	298	541	399	
Ogden	0.95	1	47	17	GP	YES	0	NO	5	349	YES	1	2	5	8	4	12	15	67	44	72	96	89	257	647	817	849	
Ogden	0.95	1	33	1	GP	NO	2	NO	4	272	YES	2	2	3	7	8	21	47	52	32	79	59	85	223	716	477	772	
Ogden	0.95	1	62	37	RH	YES	3	NO	8	621	YES	4	5	13	22	7	11	91	159	150	136	54	201	391	2707	1098	3607	
Ogden	0.95	1	43	22	GP	NO	1	NO	4	376	YES	5	4	6	15	12	24	115	108	51	70	50	116	236	676	453	1038	
Ogden	0.95	1	45	15	GP	NO	2	YES	6	367	YES	4	2	11	17	14	40	84	61	127	65	46	101	212	586	412	858	
Ogden	0.95	1	42	18	RH	NO	5	NO	1	449	YES	3	3	3	9	11	27	64	83	21	65	58	45	168	1256	1105	933	
Ogden	0.95	1	55	30	GP	YES	3	YES	5	301	NO	2	3	5	10	9	33	37	97	55	57	82	63	202	526	760	589	
Ogden	0.95	1	32	4	PD	NO	2	YES	5	249	YES	5	2	9	16	13	37	87	60	99	29	12	49	90	148	58	308	
Ogden	0.95	1	50	27	PD	YES	3	YES	2	133	YES	1	1	4	6	2	7	17	39	42	9	11	33	53	61	110	215	
Ogden	0.95	1	46	14	GP	YES	5	YES	1	223	NO	2	2	4	8	10	36	46	63	42	32	65	33	130	302	519	301	
Ogden	0.95	1	48	15	PD	YES	5	NO	5	228	NO	1	2	6	9	4	13	17	67	55	21	28	62	111	120	199	392	
Ogden	0.95	1	38	10	PD	YES	5	YES	1	182	NO	3	3	2	8	9	30	84	74	27	25	7	11	43	151	55	52	
Ogden	0.95	1	64	35	RH	NO	3	YES	9	766	YES	8	4	14	26	20	63	170	125	113	290	105	256	651	5484	1880	4792	
Ogden	0.95	1	50	24	PD	NO	2	NO	3	179	YES	3	2	5	10	7	21	61	60	47	17	19	37	73	85	96	198	
Virginia Beach	0.83	3	44	22	RH	YES	2	NO	6	570	NO	10	3	5	18	33	96	207	86	46	220	126	63	409	4100	2332	1228	
Virginia Beach	0.83	3	35	9	RH	NO	1	NO	7	641	NO	3	5	12	20	5	18	34	122	121	83	201	171	455	1578	3752	3253	
Virginia Beach	0.83	3	62	39	RH	YES	1	NO	4	588	YES	2	7	8	17	8	26	42	189	90	54	230	208	492	1015	4438	3649	
Virginia Beach	0.83	3	47	26	GP	NO	2	YES	9	392	YES	7	5	6	18	16	48	162	151	63	57	47	90	194	512	391	788	
Virginia Beach	0.83	3	60	31	RH	NO	5	YES	4	398	NO	3	5	3	11	10	25	66	158	22	75	181	61	317	1555	3732	1209	
Virginia Beach	0.83	3	63	56	RH	NO	0	NO	3	575	NO	3	8	9	20	6	16	59	238	84	43	101	169	313	804	1893	3400	
Virginia Beach	0.83	3	53	24	RH	NO	4	YES	2	458	NO	3	6	3	12	11	23	55	192	24	83	208	82	373	1761	4001	1534	
Virginia Beach	0.83	3	33	3	GP	NO	2	NO	5	426	YES	4	1	10	15	16	52	65	32	92	112	16	113	241	1026	123	1074	
Virginia Beach	0.83	3	50	20	GP	YES	2	YES	3	200	YES	4	3	6	13	13	37	65	93	75	43	43	48	134	329	424	423	
Virginia Beach	0.83	3	64	31	GP	NO	4	YES	2	249	NO	2	3	3	8	6	14	37	82	42	51	78	31	160	537	675	277	
Virginia Beach	0.83	3	41	16	PD	NO	5	NO	7	316	YES	2	4	6	12	6	15	41	127	65	42	11	67	120	242	85	395	
Virginia Beach	0.83	3	34	9	RH	NO	5	NO	4	554	NO	5	7	9	21	14	52	108	232	93	132	181	172	485	2501	3496	3137	
Virginia Beach	0.83	3	32	8	GP	NO	1	YES	5	367	YES	4	5	5	14	10	33	71	155	43	118	74	59	251	1055	625	490	
Virginia Beach	0.83	3	50	25	RH	NO	3	YES	3	513	YES	7	6	6	19	19	55	180	171	64	155	51	56	262	2869	975	1013	
Virginia Beach	0.83	3	34	0	RH	NO	4	NO	4	512	NO	9	6	12	27	31	75	156	184	110	207	68	129	404	3945	1295	2387	
Virginia Beach	0.83	3	54	25	PD	YES	5	YES	5	202	NO	1	2	5	8	7	20	24	51	44	18	41	36	95	124	228	231	
Virginia Beach	0.83	3	64	33	GP	YES	2	NO	3	206	NO	2	2	3	7	8	16	44	78	29	39	46	91	176	346	380	820	
Virginia Beach	0.83	3	62	33	PD	NO	2	NO	8	294	YES	1	3	4	8	9	27	19	67	34	20	47	28	95	142	270	147	
