Age	Both	Male	Female
0	100000	100000	100000
1	99073	98969	99183
2	99008	98894	99128
3	98959	98840	99085
4	98921	98799	99051
5	98890	98765	99023
6	98863	98735	99000
7	98839	98707	98980
8	98817	98680	98962
9	98797	98657	98946
10	98780	98638	98931
11	98765	98623	98917
12	98750	98608	98902
13	98730	98586	98884
14	98699	98547	98862
15	98653	98485	98833
16	98590	98397	98797
17	98512	98285	98753
18	98421	98154	98704
19	98323	98011	98654
20	98223	97863	98604
21	98120	97710	98555
22	98015	97551	98506
23	97907	97388	98456
24	97797	97221	98405
25	97684	97052	98351
26	97569	96881	98294
27	97452	96707	98235
28	97332	96530	98173
29	97207	96348	98107
30	97077	96159	98038
31	96941	95962	97965
32	96800	95785	97887
33	96652	95545	97804
34	96497	95322	97717
35	96334	95089	97624
36	96161	94843	97525
37	95978	94585	97419
38	95787	94316	97306
39	95588	94038	97187
40	95382	93753	97061
41	95168	93460	96926
42	94944	93157	96782
43	94707	92840	96626
44	94453	92505	96455
45	94179	92147	96266
46	93882	91764	96057
47	93560	91352	95827
48	93211	90908	95573
49	92832	90429	95294
50	92420	89912	94987
51	91971	89352	94650
52	91483	88745	94281
53	90950	88084	93877
54	90369	87363	93436
55	89735	86576	92955
56	89045	85719	92432
57	88296	84788	91864
58	87482	83777	91246
59	86596	82678	90571
60	85634	81485	89835
61	84590	80194	89033
62	83462	78803	88162
63	82252	77314	87223
64	80961	75729	86216
65	79590	74051	85141
66	78139	72280	83995
67	76603	70414	82772
68	74975	68445	81465
69	73244	66364	80064
70	71404	64164	78562
71	69453	61847	76953
72	67392	59419	75234
73	65221	56885	73400
74	62942	54249	71499
75	60557	51519	69376
76	58069	48704	67178
77	55482	45816	64851
78	52799	42867	62391
79	50026	39872	59796
80	47168	36848	57062
81	44232	33811	54186
82	41227	30782	51167
83	38161	27782	48002
84	35046	24834	44690
85	31892	21962	41230
